-162.79461669921875
173.8987274169922
168.33604431152344
155.26988220214844
149.1322021484375
-29.303163528442383
34.66518783569336
59.904884338378906
-27.785354614257813
100.84029388427734
-133.13140869140625
-94.3060073852539
-76.50463104248047
-70.88619995117188
67.46070098876953
51.178672790527344
85.15734100341797
68.44220733642578
61.618743896484375
68.79987335205078
70.20897674560547
97.31336212158203
-123.96530151367188
49.62618637084961
39.75238800048828
71.47149658203125
71.47415924072266
70.07184600830078
66.44266510009766
-100.06550598144531
-47.42816925048828
-127.01974487304688
-83.14872741699219
-105.62039947509766
-98.9590835571289
-3.2159194946289063
116.20801544189453
63.330867767333984
96.11824035644531
64.99236297607422
53.41494369506836
35.34675979614258
173.64723205566406
-162.57412719726563
-169.4762420654297
-159.3806915283203
-161.46340942382813
172.9786834716797
-176.7309112548828
161.72824096679688
-58.85515213012695
-63.17959213256836
-67.66248321533203
-87.6545181274414
171.97068786621094
-154.9091033935547
172.30091857910156
179.26083374023438
165.2191619873047
89.4837646484375
59.29160690307617
56.870826721191406
70.58857727050781
54.013587951660156
84.99539184570313
95.29874420166016
84.68146514892578
75.47254943847656
66.88809204101563
81.80491638183594
64.84745788574219
80.04534912109375
39.080169677734375
42.049678802490234
77.79096221923828
69.84565734863281
71.87451934814453
59.487674713134766
59.6247444152832
70.62593841552734
79.82599639892578
85.60591888427734
79.55703735351563
69.94567108154297
71.6715316772461
45.488643646240234
82.97651672363281
60.0676155090332
63.03974533081055
64.21231842041016
44.79997634887695
61.8797607421875
58.871395111083984
67.72589874267578
96.55740356445313
62.5747184753418
86.33550262451172
53.30592727661133
72.49737548828125
-102.9935302734375
90.18965911865234
-2.545870065689087
-66.29501342773438
88.69845581054688
61.42546463012695
60.613311767578125
42.831356048583984
91.07252502441406
59.157325744628906
46.454349517822266
74.25434875488281
83.96793365478516
74.27690887451172
87.39757537841797
55.97576141357422
68.48251342773438
46.585750579833984
70.74991607666016
61.26667404174805
83.38438415527344
72.18468475341797
45.294921875
44.975826263427734
65.32904815673828
76.6251449584961
89.77613830566406
-41.238670349121094
-76.66765594482422
73.36308288574219
51.4261360168457
45.38534164428711
67.5342025756836
75.7972412109375
68.15428924560547
83.57290649414063
43.02230453491211
94.0397720336914
67.41464233398438
61.93842315673828
76.62169647216797
64.70655059814453
60.53359603881836
98.46451568603516
57.9971923828125
53.06217956542969
52.851139068603516
69.43624114990234
55.11670684814453
69.216796875
56.10614776611328
80.40377807617188
53.64020919799805
65.76708984375
77.00215148925781
71.81802368164063
-170.89013671875
153.162353515625
-179.06277465820313
170.7216339111328
171.3602752685547
170.8534698486328
174.53099060058594
-177.05918884277344
-154.72532653808594
-147.18690490722656
-172.63796997070313
-172.21421813964844
167.30978393554688
152.90078735351563
-170.045166015625
167.57850646972656
-179.665283203125
158.3782958984375
-174.3544158935547
62.169776916503906
91.07516479492188
50.91190719604492
72.44328308105469
73.03498840332031
62.67283248901367
72.01677703857422
71.46634674072266
74.62244415283203
62.69149398803711
67.3102035522461
159.67286682128906
-166.39344787597656
-175.65194702148438
168.06695556640625
-36.96605682373047
174.05043029785156
177.0316925048828
-177.19808959960938
54.119659423828125
23.269460678100586
13.838278770446777
-168.42279052734375
-177.1293182373047
-169.3168487548828
-144.2846221923828
-176.25640869140625
-179.71188354492188
171.8721923828125
-176.70069885253906
-121.72088623046875
166.830810546875
-173.92123413085938
-35.77681350708008
-50.56809997558594
-165.25022888183594
-170.06044006347656
-176.2705078125
170.03245544433594
177.21983337402344
-179.4711456298828
-80.337890625
-169.90576171875
-165.66896057128906
173.5347137451172
177.5404510498047
171.00808715820313
175.61337280273438
-179.72018432617188
-154.9080352783203
175.47569274902344
164.887451171875
-162.64303588867188
-171.90052795410156
172.8007049560547
170.8670196533203
-172.3789825439453
177.81898498535156
-171.8760986328125
179.04306030273438
172.51052856445313
165.94602966308594
-175.36581420898438
173.74246215820313
-178.064208984375
151.19094848632813
123.3481216430664
-26.866943359375
172.7545623779297
173.43190002441406
170.146484375
162.32383728027344
150.70486450195313
164.16793823242188
-159.99729919433594
-168.36404418945313
38.10273361206055
148.4068603515625
176.44554138183594
175.65545654296875
169.0633087158203
145.52713012695313
-179.1800079345703
-161.01113891601563
-60.378440856933594
-54.23839569091797
-67.67936706542969
-73.97322845458984
-72.48298645019531
50.0088005065918
62.436058044433594
71.16059112548828
67.94499206542969
141.5074920654297
-75.0054931640625
-73.87047576904297
13.768123626708984
114.0565185546875
113.90309143066406
-72.14141845703125
-74.39057922363281
-70.45355224609375
-66.89026641845703
125.78025817871094
101.56694030761719
-43.65621566772461
-69.31622314453125
-57.60880661010742
-50.24475860595703
-55.66880416870117
-60.7224235534668
-58.73102569580078
-64.22257995605469
-50.74361038208008
-56.52098083496094
-63.72969436645508
-81.93020629882813
-58.63706588745117
106.15119934082031
-59.536800384521484
-78.46163177490234
59.828243255615234
-56.5946044921875
160.00173950195313
166.0562744140625
-141.68118286132813
-173.3186492919922
-62.08110046386719
-105.43849182128906
-1.875098466873169
169.23533630371094
27.629798889160156
-166.2307891845703
149.57496643066406
-19.9692440032959
172.13735961914063
172.70843505859375
62.216590881347656
77.47621154785156
168.578125
170.1970977783203
174.89527893066406
169.07699584960938
179.24441528320313
-177.7182159423828
98.66300964355469
-168.4141387939453
4.305408954620361
158.11227416992188
-5.521622657775879
162.76524353027344
-170.72274780273438
169.63157653808594
167.3717803955078
-164.1656951904297
-29.258193969726563
108.51786804199219
73.66825103759766
68.44153594970703
-39.58089828491211
-60.98349380493164
40.66544723510742
55.44694137573242
64.3216781616211
-119.1361312866211
-61.497249603271484
71.68055725097656
-73.9709243774414
42.097015380859375
-112.23709869384766
-91.4428939819336
90.87603759765625
-43.963924407958984
70.99205780029297
70.9616470336914
65.0751724243164
55.74645233154297
49.37002182006836
84.4948501586914
70.75341796875
67.74838256835938
49.897369384765625
54.52140426635742
68.87090301513672
77.85848999023438
60.07046890258789
47.471736907958984
64.33123016357422
51.26853942871094
78.84878540039063
-55.88320541381836
-84.23111724853516
-68.04557037353516
-56.99281692504883
-72.62356567382813
-89.15373992919922
-69.47655487060547
-49.85993957519531
-77.74503326416016
-84.16390228271484
-69.1084213256836
-56.109092712402344
-84.27181243896484
-88.2004623413086
-74.52630615234375
-61.87344741821289
-71.83475494384766
47.36906433105469
-57.057456970214844
72.92817687988281
96.48665618896484
51.782012939453125
-81.1585922241211
37.435028076171875
95.26287841796875
74.41316223144531
-4.697009563446045
-96.36576080322266
-53.517127990722656
-81.821533203125
91.8986587524414
114.94571685791016
62.72566604614258
-65.50994110107422
-62.65549850463867
-73.25645446777344
-72.2388916015625
-55.188045501708984
-29.8963565826416
-56.76053237915039
93.8577880859375
87.08668518066406
-77.19551849365234
68.54647064208984
-84.6796875
-80.62234497070313
-88.93083190917969
-50.238162994384766
-77.80146026611328
94.57334899902344
-55.285587310791016
-55.307960510253906
-56.69451904296875
-56.18632125854492
-179.324951171875
162.964111328125
179.57708740234375
159.78768920898438
166.8490753173828
173.61036682128906
60.997283935546875
-103.59119415283203
-82.70706176757813
70.17677307128906
85.64787292480469
-115.39453887939453
179.5458221435547
2.429030418395996
-10.533732414245605
21.765775680541992
104.66559600830078
179.9114532470703
-166.8629150390625
-175.64981079101563
-51.46583557128906
95.88269805908203
89.34381103515625
27.738603591918945
79.24369049072266
96.95458221435547
129.09449768066406
109.30146789550781
-91.22694396972656
68.66397857666016
62.12174606323242
-50.27859878540039
-42.535221099853516
-72.74738311767578
-40.87672424316406
-79.43946075439453
-56.75285720825195
-52.24137878417969
-73.19271850585938
-79.75679016113281
-51.0507698059082
-60.53556442260742
-74.91128540039063
-70.91600036621094
-61.8525276184082
-50.7159309387207
-76.22645568847656
-47.22636032104492
-58.803550720214844
-52.294517517089844
-61.34984588623047
-38.15011978149414
65.93453979492188
51.04411315917969
84.45272064208984
79.7375259399414
82.8639144897461
59.91291809082031
70.80709838867188
62.408321380615234
79.82415771484375
55.329830169677734
55.28034210205078
51.719207763671875
70.02796936035156
73.73413848876953
72.59947967529297
65.38104248046875
43.72459030151367
170.79258728027344
173.59521484375
80.39373779296875
53.219058990478516
-67.52859497070313
-74.90089416503906
-69.10581970214844
-44.502811431884766
-63.922752380371094
-82.61385345458984
-69.64498138427734
-56.92340087890625
124.14682006835938
-72.5192642211914
139.4022216796875
45.9710807800293
5.112157821655273
-67.15637969970703
-70.60267639160156
-60.88276290893555
-55.05826950073242
-60.52906036376953
-83.236572265625
-70.23091888427734
-70.75082397460938
179.9838409423828
-168.716796875
-160.87347412109375
-175.276611328125
-173.8862762451172
-165.3002471923828
174.4679412841797
171.7804412841797
157.6143798828125
169.34228515625
-177.9855499267578
-165.7554931640625
163.199462890625
179.8505401611328
174.13650512695313
-177.2939453125
164.26976013183594
-173.6230926513672
174.81076049804688
-177.01039123535156
-177.2125244140625
-166.60601806640625
165.7518768310547
-71.75636291503906
-153.9889373779297
-173.92628479003906
170.5071563720703
-69.69287109375
-61.677764892578125
-76.19438934326172
-88.6427001953125
-71.07927703857422
-55.3089599609375
-67.48844909667969
-69.40131378173828
-65.19828033447266
-84.98323059082031
-69.61589050292969
-41.13458251953125
-72.96196746826172
-90.90494537353516
-65.41797637939453
-58.69526290893555
-53.7979736328125
-50.859458923339844
-175.57749938964844
-175.03086853027344
179.63003540039063
-167.34889221191406
170.80531311035156
-173.22494506835938
-169.20065307617188
157.50938415527344
-166.63589477539063
-172.8890380859375
-166.29400634765625
177.091796875
-166.8769073486328
177.0438232421875
-174.8714599609375
-177.82823181152344
170.75303649902344
-179.88673400878906
-176.24403381347656
-177.58547973632813
-158.92465209960938
160.69363403320313
168.83123779296875
168.0912628173828
-80.9335708618164
-56.13558578491211
-69.59181213378906
-79.05305480957031
-58.81382369995117
-82.8719482421875
-57.66627502441406
-74.9169692993164
-88.6163330078125
-82.02851867675781
-27.703229904174805
78.70516204833984
42.97438049316406
59.6028938293457
79.91617584228516
55.70227813720703
-148.5810546875
-172.63018798828125
176.04371643066406
-166.3330078125
178.18557739257813
177.9903106689453
175.93960571289063
159.37478637695313
156.85159301757813
37.36628723144531
-177.84596252441406
-176.87110900878906
54.343990325927734
-142.5798797607422
-47.3919677734375
-53.151527404785156
-68.48644256591797
-71.1541748046875
-138.93081665039063
67.83964538574219
-167.668701171875
67.97016143798828
67.07415771484375
61.641937255859375
60.90507888793945
72.4231948852539
44.740318298339844
60.90812301635742
-99.66766357421875
62.687374114990234
69.69364929199219
39.94921112060547
72.68002319335938
54.580997467041016
-142.09764099121094
-159.73504638671875
160.3180389404297
-179.59591674804688
-150.19223022460938
176.15042114257813
-169.19619750976563
-167.7577667236328
-172.26226806640625
174.37701416015625
-178.82875061035156
-173.282470703125
-170.817138671875
173.16787719726563
-177.197509765625
160.36123657226563
169.87051391601563
-161.195068359375
-176.95626831054688
-169.900146484375
169.9980010986328
-172.30169677734375
-178.7851104736328
-153.6099395751953
-176.9630889892578
-172.5552215576172
159.58067321777344
172.62583923339844
153.14622497558594
166.45103454589844
169.25355529785156
-162.10633850097656
165.88502502441406
-176.01119995117188
167.28395080566406
-154.06915283203125
174.38414001464844
171.70245361328125
-163.41078186035156
173.46588134765625
-179.1925811767578
83.07241821289063
5.631111145019531
-67.62237548828125
169.43431091308594
-176.44583129882813
-172.8081512451172
-99.05364227294922
-62.50020217895508
177.92637634277344
-17.669830322265625
-1.6371948719024658
156.62979125976563
177.72605895996094
-177.784912109375
-163.4801483154297
-98.56167602539063
165.00143432617188
-53.29711151123047
78.24897766113281
169.8837127685547
72.60712432861328
62.76416778564453
166.10182189941406
-169.07931518554688
72.92523956298828
-43.58954620361328
-62.45232009887695
-62.70387649536133
-63.90322494506836
-70.96800231933594
-58.690940856933594
-61.44540786743164
-67.44556427001953
-84.0242919921875
-63.33063507080078
-68.16578674316406
98.42174530029297
-61.00608825683594
-81.83403778076172
-56.6719970703125
-87.52306365966797
-111.8856201171875
-150.822998046875
149.7467498779297
175.73873901367188
-161.0882568359375
178.5552978515625
158.98866271972656
-177.56097412109375
-19.519474029541016
175.08534240722656
-157.8556365966797
170.76461791992188
-41.72597885131836
-165.21713256835938
172.24818420410156
163.83224487304688
-166.149169921875
-173.22254943847656
-169.43955993652344
-168.27268981933594
172.74111938476563
172.06060791015625
160.3341522216797
164.1702423095703
-158.25796508789063
-177.1435089111328
176.86370849609375
-168.36749267578125
179.4051971435547
177.39866638183594
-164.74349975585938
-179.1486053466797
-179.9572296142578
172.59255981445313
178.21180725097656
175.89306640625
-177.75567626953125
173.9247589111328
-155.4298553466797
174.4752960205078
165.7145233154297
-163.00827026367188
-178.26589965820313
165.82655334472656
161.7057647705078
174.50697326660156
-177.05564880371094
123.48406982421875
83.69668579101563
79.86751556396484
78.46776580810547
65.97547912597656
70.83458709716797
66.91168212890625
54.63932800292969
69.16557312011719
78.37889862060547
-28.151613235473633
61.39670944213867
59.521541595458984
68.64391326904297
40.42586135864258
59.34279251098633
75.85110473632813
56.09944152832031
75.29413604736328
69.34752655029297
54.20204162597656
62.02817153930664
65.5899658203125
60.33780288696289
60.479679107666016
61.364749908447266
68.10762023925781
79.6332015991211
70.6512451171875
85.82603454589844
50.98081970214844
68.78579711914063
66.16671752929688
82.15907287597656
-20.43937110900879
4.575673580169678
54.92322540283203
-76.28907012939453
114.3208236694336
60.209259033203125
87.90792846679688
-35.75786209106445
-179.9008026123047
-124.62368774414063
123.22423553466797
-73.49726104736328
-78.08497619628906
-61.086727142333984
-67.17562103271484
-92.85617065429688
-56.544734954833984
-63.7705192565918
-76.7481460571289
-57.83250045776367
-57.62825012207031
-173.45486450195313
-177.05990600585938
-49.026615142822266
-54.85112762451172
162.55685424804688
-149.50103759765625
83.19349670410156
66.68147277832031
79.8297119140625
89.82625579833984
77.27689361572266
74.02660369873047
58.64763641357422
50.437835693359375
62.613525390625
68.42642974853516
68.06950378417969
72.7392349243164
99.5009765625
61.915584564208984
54.31386184692383
68.34760284423828
69.75424194335938
73.20829010009766
86.29637908935547
74.93714141845703
75.9177474975586
52.69771957397461
47.61360168457031
70.49830627441406
77.46473693847656
73.43832397460938
52.80520248413086
55.55340576171875
69.08624267578125
32.11252212524414
-110.78884887695313
50.88851547241211
-3.033644676208496
63.08985137939453
62.4886589050293
56.10557174682617
-122.21126556396484
65.4908676147461
85.34467315673828
79.65302276611328
161.34292602539063
52.153907775878906
60.992156982421875
62.19462966918945
56.258609771728516
69.45072174072266
48.942909240722656
39.12876892089844
73.49124908447266
60.76492691040039
83.09954833984375
79.82101440429688
61.12572479248047
54.6135368347168
70.3476333618164
80.57209014892578
49.177520751953125
131.92001342773438
179.75592041015625
-171.78053283691406
-166.23907470703125
-178.31712341308594
155.40660095214844
163.2669677734375
160.89956665039063
-174.28269958496094
-176.9505157470703
-178.3098602294922
166.27655029296875
-168.1763916015625
-146.7357940673828
-142.85113525390625
168.58596801757813
165.58546447753906
-157.45545959472656
177.5686492919922
169.261474609375
176.0878448486328
169.54750061035156
164.31996154785156
-167.9712677001953
170.9029083251953
173.05140686035156
165.47621154785156
-172.30084228515625
-166.17581176757813
-151.2441864013672
-175.9934844970703
167.028564453125
168.5277099609375
170.83973693847656
172.22462463378906
155.29420471191406
-159.3870849609375
177.93414306640625
-150.0947723388672
-163.19696044921875
-175.57598876953125
-161.49441528320313
-162.84860229492188
-172.11305236816406
-173.00144958496094
150.89834594726563
169.71640014648438
170.6358184814453
-77.6504135131836
-167.90745544433594
50.44504165649414
69.58448791503906
63.470176696777344
69.23651885986328
15.598605155944824
-127.02848815917969
-104.3795394897461
-175.08731079101563
175.30914306640625
-166.37887573242188
173.669921875
176.15399169921875
178.7084197998047
-169.66622924804688
-164.71607971191406
169.2919158935547
-17.129680633544922
-23.350826263427734
22.107107162475586
-15.526314735412598
-167.29867553710938
84.24195861816406
169.5475311279297
154.29730224609375
0.6702613234519958
174.47659301757813
-176.18377685546875
-127.71533203125
174.83201599121094
178.66175842285156
-174.22804260253906
154.92144775390625
-174.44049072265625
174.14527893066406
176.3264923095703
163.834716796875
-177.83932495117188
-173.85574340820313
-169.433349609375
171.26979064941406
177.42335510253906
164.0343475341797
-165.32565307617188
-147.5312042236328
153.38160705566406
-179.34228515625
175.31210327148438
167.62945556640625
-174.5550537109375
83.365234375
67.40933227539063
75.90837860107422
77.79400634765625
84.71825408935547
57.71238708496094
62.662391662597656
74.01753234863281
52.48093032836914
81.56595611572266
75.72046661376953
82.50902557373047
60.4532585144043
64.25679779052734
83.90634155273438
53.29241180419922
70.36441040039063
67.23908996582031
-95.80467987060547
-59.60538864135742
-83.33715057373047
0.5195336937904358
-60.29179382324219
176.29757690429688
