-177.9703369140625
163.45008850097656
-172.0817108154297
157.22593688964844
149.65367126464844
-146.98333740234375
-177.2265167236328
175.76983642578125
175.48471069335938
-176.66429138183594
167.61390686035156
-178.6224822998047
-177.11795043945313
-173.1259307861328
174.2684326171875
160.77032470703125
-167.3657989501953
160.94166564941406
134.91806030273438
-166.2590789794922
-163.52578735351563
163.20330810546875
-179.39105224609375
-1.778698205947876
-169.97488403320313
-160.55075073242188
-21.005373001098633
157.59352111816406
161.4276885986328
172.62522888183594
32.86724090576172
162.1083984375
166.6405792236328
-150.07925415039063
-82.99561309814453
51.13607406616211
-109.52244567871094
-42.40754318237305
70.35102844238281
-68.40103149414063
-170.00222778320313
177.59249877929688
-169.85972595214844
-171.60040283203125
177.8362274169922
-40.37560272216797
-9.148822784423828
29.837196350097656
-68.79470825195313
-86.28073120117188
3.958507537841797
-57.43629455566406
-3.1589603424072266
93.27682495117188
92.95921325683594
54.51775360107422
35.97171401977539
89.63462829589844
-50.40996551513672
-60.42872619628906
115.17291259765625
72.19465637207031
-23.603517532348633
-68.88076782226563
117.58137512207031
-68.70052337646484
-81.63027954101563
-55.81372833251953
-64.77619934082031
-64.43180084228516
-98.43670654296875
-65.45442199707031
-170.18809509277344
-164.01817321777344
163.5879669189453
-169.03489685058594
168.5319366455078
-171.81192016601563
-177.5640106201172
-165.2088623046875
-167.97549438476563
-174.19631958007813
170.41055297851563
168.140869140625
159.86947631835938
177.1101531982422
167.02183532714844
-33.7540168762207
22.93815040588379
-162.666748046875
173.44862365722656
164.1577911376953
-171.28578186035156
157.80917358398438
-166.41822814941406
173.93955993652344
-175.63717651367188
169.6405487060547
173.5556182861328
-168.2548828125
176.2353057861328
-74.32775115966797
-67.51313781738281
-75.79106140136719
-81.3797378540039
-65.70795440673828
-63.72539138793945
-70.44613647460938
-55.292724609375
-67.03338623046875
-103.92498779296875
-79.34209442138672
-92.123291015625
-97.99420928955078
-83.73955535888672
-135.5171356201172
170.4855499267578
168.3648681640625
-143.56085205078125
-174.7324981689453
168.4014892578125
163.29550170898438
164.91587829589844
-171.98678588867188
178.04791259765625
-160.64259338378906
170.33255004882813
-169.189208984375
-173.90603637695313
15.923830032348633
-1.474551796913147
35.251220703125
-167.320068359375
-172.52764892578125
168.54649353027344
174.3040771484375
161.5662078857422
-173.52987670898438
-177.56399536132813
158.29132080078125
159.42987060546875
155.8040313720703
154.57757568359375
-176.49871826171875
156.0062255859375
162.41091918945313
172.19866943359375
157.87904357910156
-157.29209899902344
-156.1518096923828
148.57301330566406
-166.09027099609375
-165.8132781982422
-176.08343505859375
164.56398010253906
164.99037170410156
167.8299560546875
-167.35142517089844
-153.74851989746094
-177.45269775390625
-162.54795837402344
165.90567016601563
-160.81137084960938
160.92974853515625
174.90380859375
169.9008026123047
-173.75694274902344
177.33969116210938
166.6717071533203
163.75222778320313
176.47567749023438
167.11221313476563
-164.79232788085938
170.551025390625
176.18170166015625
-170.74195861816406
168.98443603515625
-144.90740966796875
-163.66293334960938
-177.11105346679688
172.20571899414063
179.6011505126953
-173.40789794921875
165.7646026611328
145.99244689941406
177.4354248046875
167.45462036132813
176.7353515625
171.35353088378906
176.51876831054688
161.01011657714844
171.03555297851563
150.380615234375
170.57691955566406
153.4195556640625
-156.4156951904297
-178.4446563720703
-168.99246215820313
161.86456298828125
171.91317749023438
-166.1470947265625
163.23074340820313
-167.40310668945313
-176.34556579589844
44.299591064453125
-1.1525254249572754
87.84361267089844
163.09454345703125
172.4309539794922
169.5543212890625
179.35430908203125
165.16067504882813
176.26727294921875
94.7868881225586
81.10322570800781
77.15025329589844
49.46879577636719
58.82341766357422
57.94154739379883
45.893924713134766
60.69907760620117
71.61631774902344
49.93992614746094
73.21051025390625
80.24732971191406
56.813011169433594
73.86207580566406
65.44844055175781
64.53145599365234
56.872623443603516
60.142520904541016
64.49929809570313
58.21288299560547
94.0475082397461
81.51744079589844
52.77684020996094
46.14238357543945
26.594703674316406
69.97990417480469
91.47985076904297
79.67855834960938
52.336830139160156
62.23090744018555
-76.05376434326172
62.03308868408203
-132.9077606201172
-69.63304901123047
-117.20276641845703
-115.86548614501953
-150.06076049804688
-29.64320945739746
-68.23120880126953
-29.597705841064453
101.61334228515625
-176.40304565429688
177.6582794189453
-101.57044982910156
-176.1472930908203
159.91705322265625
171.4626922607422
177.9376220703125
174.4166717529297
176.37474060058594
-166.8546142578125
-169.7882537841797
-161.44505310058594
-162.28302001953125
172.11390686035156
-177.20611572265625
-171.55838012695313
179.2907257080078
160.3194580078125
174.8702392578125
-175.8870849609375
-179.3635711669922
170.87074279785156
165.6200408935547
146.12644958496094
174.4587860107422
165.38656616210938
-164.9354248046875
156.26405334472656
-163.06617736816406
-178.6123504638672
-176.06454467773438
156.81504821777344
171.34461975097656
-176.5874786376953
170.4354705810547
179.3280029296875
164.3484344482422
164.21128845214844
175.9231414794922
165.077880859375
-165.06983947753906
-169.3597869873047
-179.205810546875
173.37002563476563
163.29588317871094
-160.06063842773438
-172.6331329345703
172.156005859375
-161.2556915283203
162.2252655029297
-159.14768981933594
-1.2237377166748047
-54.61730194091797
-151.2664337158203
-170.7025604248047
170.18878173828125
-172.66200256347656
-172.72532653808594
167.21820068359375
151.76719665527344
172.02801513671875
-16.11562156677246
38.98657989501953
82.25553131103516
80.7020492553711
49.348045349121094
-151.7879180908203
-121.80574035644531
65.4139633178711
-87.64937591552734
93.17337036132813
86.85697174072266
46.900306701660156
68.08868408203125
36.464717864990234
71.1831283569336
96.45962524414063
63.35679626464844
85.12098693847656
55.1761589050293
91.53955841064453
70.12923431396484
54.303382873535156
83.88412475585938
-137.49441528320313
-144.1937713623047
72.25619506835938
46.758304595947266
67.3287582397461
77.4587631225586
65.84040832519531
58.58759307861328
-128.39691162109375
93.68470001220703
-109.56279754638672
-70.79070281982422
55.86507034301758
88.21249389648438
-80.69331359863281
42.971641540527344
-63.28662872314453
65.45048522949219
-101.2338638305664
75.9273910522461
74.64002227783203
67.73123931884766
63.99678421020508
73.4468002319336
55.27086639404297
59.28041458129883
44.91621780395508
23.174312591552734
68.3576431274414
75.0616226196289
73.21710205078125
78.6803207397461
77.59436798095703
59.56032180786133
36.25579833984375
79.49625396728516
63.38135528564453
68.91730499267578
57.74335479736328
40.43844223022461
93.45674896240234
80.33465576171875
76.19861602783203
67.34064483642578
93.01261138916016
97.8650131225586
-83.66471099853516
92.29346466064453
26.78563690185547
73.44723510742188
104.6148681640625
68.87889099121094
54.94343948364258
70.44763946533203
67.4625473022461
79.39545440673828
68.9880599975586
60.98714065551758
57.570194244384766
65.70079040527344
53.95905303955078
99.54362487792969
51.0934944152832
49.73765563964844
92.20023345947266
99.48434448242188
100.41111755371094
50.7530517578125
40.663692474365234
-68.84889221191406
-61.54204177856445
-77.63381958007813
-72.58440399169922
-84.64395141601563
-67.52064514160156
-90.06120300292969
-60.83589553833008
68.81755065917969
-56.993408203125
-70.68988800048828
-52.13948059082031
-79.14820098876953
-19.60013198852539
-70.11397552490234
-87.18190002441406
-70.64677429199219
-64.6986083984375
107.14390563964844
-176.77503967285156
-176.85205078125
-8.470101356506348
170.34564208984375
178.406982421875
165.50076293945313
-171.348876953125
173.69053649902344
-157.92645263671875
-162.6895294189453
158.8384552001953
-175.32623291015625
-152.8430633544922
-167.93255615234375
176.41017150878906
-174.68609619140625
-1.4444761276245117
-8.906782150268555
28.39179229736328
6.858285903930664
-97.09012603759766
-176.52110290527344
-13.147425651550293
-176.6353302001953
-178.6647491455078
177.07749938964844
171.9918212890625
-170.36778259277344
175.54937744140625
179.17367553710938
176.98692321777344
172.46066284179688
-158.1354217529297
-177.298828125
-172.31161499023438
173.3944091796875
178.16041564941406
177.92733764648438
169.94981384277344
168.73500061035156
174.06585693359375
-159.09603881835938
-154.14202880859375
171.19308471679688
166.0649871826172
-169.98399353027344
-157.7914276123047
169.6618194580078
-169.35484313964844
-172.67022705078125
-175.4473114013672
-175.48959350585938
179.72283935546875
-172.85549926757813
178.24444580078125
163.6962432861328
147.84402465820313
-168.35328674316406
-167.3232879638672
164.18028259277344
176.8282928466797
-138.75579833984375
-168.87020874023438
179.3300018310547
163.6497802734375
165.90628051757813
-166.487548828125
175.1398162841797
162.61965942382813
172.91282653808594
171.9811553955078
-172.15184020996094
170.54150390625
173.50814819335938
-174.84291076660156
-179.6346893310547
-174.04649353027344
169.5207977294922
-3.479464054107666
-49.903724670410156
58.14608383178711
-163.21966552734375
-163.2438201904297
-161.68785095214844
-168.908935546875
156.33175659179688
174.3490753173828
161.79124450683594
179.88818359375
178.1290283203125
167.9644775390625
-173.97274780273438
170.93553161621094
-171.59201049804688
-168.21243286132813
-165.79910278320313
-177.062255859375
-164.53738403320313
-72.98748016357422
-75.44956970214844
-57.98847579956055
-65.39134979248047
-51.00053405761719
-77.04582214355469
-78.06089782714844
-63.18049240112305
-74.51215362548828
-79.83073425292969
-71.09651184082031
159.80099487304688
71.99784088134766
55.06929016113281
59.22050094604492
72.81214904785156
55.09238815307617
62.82167053222656
82.4451675415039
54.689857482910156
75.68792724609375
77.94477081298828
59.797828674316406
65.08486938476563
65.48173522949219
84.80077362060547
64.0085220336914
66.70906066894531
63.42866897583008
68.46537780761719
73.701416015625
48.142704010009766
63.93971633911133
60.671539306640625
67.2895736694336
59.960086822509766
73.31826782226563
71.20820617675781
64.59272003173828
76.45674896240234
56.364234924316406
81.18872833251953
61.18851852416992
65.71288299560547
83.82121276855469
83.43506622314453
50.76732635498047
55.85545349121094
101.66445922851563
59.381587982177734
61.93019485473633
67.66693115234375
63.780696868896484
90.19410705566406
62.79325485229492
88.1116943359375
76.52606201171875
53.19977951049805
53.58634567260742
60.42379379272461
92.4928970336914
73.1670913696289
52.17120361328125
42.82585906982422
88.46627807617188
65.5206069946289
114.365966796875
67.04695129394531
61.619022369384766
72.14021301269531
86.5775375366211
49.72561264038086
-67.65534973144531
66.4300308227539
-165.45391845703125
-173.22280883789063
-171.24171447753906
179.7547607421875
166.32742309570313
168.14942932128906
164.9803924560547
167.64109802246094
-168.86936950683594
174.21710205078125
170.3940887451172
179.5641326904297
151.87094116210938
-179.7694549560547
172.77601623535156
161.09100341796875
159.49832153320313
-165.9563751220703
172.83753967285156
-162.1978759765625
-168.51956176757813
171.4119873046875
161.64718627929688
-178.6712188720703
176.7052764892578
164.79098510742188
-65.02117919921875
-78.5882568359375
-56.646812438964844
-56.6861457824707
-67.34034729003906
-80.26614379882813
-53.72734069824219
-62.1755256652832
-84.73092651367188
-60.36106491088867
-66.63481140136719
-77.0475082397461
-52.80540084838867
-66.10131072998047
-63.35516357421875
-52.331199645996094
-70.89698028564453
-68.63023376464844
-69.9587631225586
-76.45133972167969
-101.88369750976563
-66.9232177734375
-79.03662872314453
-75.55310821533203
-78.4969482421875
-73.4482421875
-72.61561584472656
-48.93649673461914
-46.441444396972656
165.75975036621094
93.12834930419922
52.893192291259766
68.10742950439453
70.17697143554688
52.695404052734375
69.11563873291016
28.208961486816406
55.477867126464844
73.51586151123047
75.14427947998047
79.68189239501953
179.72122192382813
-175.6261749267578
165.4962158203125
175.49844360351563
-153.63523864746094
156.31541442871094
-177.9535675048828
-176.31948852539063
-175.030029296875
-178.65139770507813
-175.64163208007813
-171.9744415283203
-158.12989807128906
157.27378845214844
170.25901794433594
-168.1973419189453
165.5247802734375
-171.95077514648438
-152.09735107421875
-166.83213806152344
175.0355987548828
-179.61502075195313
168.91775512695313
-176.01068115234375
170.92141723632813
-158.4905548095703
-165.20071411132813
-173.374267578125
-179.03094482421875
-176.55857849121094
171.4288330078125
-174.53138732910156
-173.53439331054688
165.01126098632813
-177.96011352539063
-176.12210083007813
-169.4000244140625
172.65933227539063
-173.1035614013672
-148.5537567138672
-173.34323120117188
-167.11309814453125
-174.00674438476563
149.7635955810547
171.1373748779297
-166.91456604003906
68.06287384033203
52.93600082397461
74.50617218017578
60.2484245300293
63.32857894897461
59.197166442871094
52.11123275756836
61.06077194213867
66.94066619873047
71.76912689208984
69.20865631103516
79.12495422363281
62.4107666015625
75.48428344726563
59.52044677734375
82.99571990966797
65.51515197753906
60.83500671386719
57.0965690612793
43.036705017089844
97.84312438964844
83.13561248779297
61.76638412475586
68.01866149902344
66.49669647216797
73.2928237915039
81.00961303710938
61.23662185668945
58.66943359375
65.42997741699219
61.48855972290039
49.75075149536133
61.016517639160156
73.55625915527344
82.6979751586914
55.12309646606445
58.09364700317383
64.6563720703125
68.00501251220703
56.02357864379883
57.24296951293945
96.22834014892578
87.10030364990234
80.46586608886719
68.25602722167969
108.82555389404297
42.3346061706543
63.12060546875
66.92008209228516
121.04978942871094
69.3856430053711
60.219539642333984
72.15918731689453
51.43034362792969
48.60707092285156
59.56805419921875
98.6360855102539
43.60346984863281
63.160037994384766
85.29753875732422
56.33445358276367
66.96117401123047
47.51726150512695
66.6020278930664
62.83976364135742
68.89073181152344
60.26166534423828
115.19129943847656
62.580345153808594
51.75254440307617
43.70806121826172
51.088497161865234
48.08582305908203
69.03015899658203
82.87097930908203
63.12299728393555
70.0977554321289
86.76507568359375
43.732479095458984
46.881961822509766
168.8371124267578
-172.658935546875
135.44593811035156
96.66830444335938
63.27141189575195
51.54861068725586
60.7058219909668
62.31541442871094
58.37211990356445
65.04563903808594
78.47772216796875
82.2242431640625
71.9844970703125
54.01805877685547
78.7487564086914
74.8025894165039
73.84806823730469
51.575260162353516
68.8321762084961
91.48505401611328
58.67626190185547
77.2474594116211
72.73595428466797
58.088409423828125
58.2009162902832
81.275634765625
54.29255294799805
65.19414520263672
58.19235610961914
78.74251556396484
77.3573989868164
88.6322021484375
58.10676193237305
66.8613510131836
105.90825653076172
75.82688903808594
103.72225189208984
67.69361877441406
66.93704986572266
75.515869140625
62.43650817871094
79.29439544677734
68.44569396972656
71.07098388671875
54.27778625488281
87.25341033935547
83.80753326416016
61.62392044067383
70.10587310791016
77.55854797363281
74.444091796875
56.21287536621094
80.85975646972656
73.20365905761719
70.24595642089844
62.08715057373047
75.71332550048828
77.55347442626953
72.21932983398438
82.63638305664063
79.55839538574219
81.43092346191406
63.338626861572266
74.29793548583984
79.42659759521484
54.89494323730469
66.75674438476563
64.84408569335938
78.05783081054688
68.82556915283203
72.3963851928711
71.89061737060547
63.054100036621094
46.8276481628418
70.23368072509766
76.9841079711914
71.98560333251953
85.30733489990234
83.59949493408203
-174.99896240234375
-169.84222412109375
161.88763427734375
-169.8672332763672
166.65174865722656
178.00852966308594
173.0309600830078
-173.5137176513672
174.21585083007813
-173.47201538085938
-175.35134887695313
-176.24644470214844
-173.50961303710938
177.82936096191406
-172.7196502685547
-179.61807250976563
164.26754760742188
80.91109466552734
55.236568450927734
74.44578552246094
91.79325866699219
87.64156341552734
72.00615692138672
89.0727767944336
66.12056732177734
40.34492874145508
75.82861328125
51.50252151489258
63.97286605834961
86.53705596923828
-158.33387756347656
-152.17742919921875
-67.66243743896484
-100.8197021484375
-99.43024444580078
-54.44285583496094
-56.20265579223633
-85.09677124023438
-70.73448181152344
-70.9469223022461
-78.04491424560547
-81.69070434570313
-81.23759460449219
-51.17578125
-73.49662780761719
-51.31546401977539
-72.6967544555664
-85.9513168334961
-70.62430572509766
-88.88216400146484
99.07286071777344
60.21077346801758
70.6563949584961
57.04490280151367
60.434879302978516
73.81881713867188
55.67818069458008
53.25202178955078
53.69078826904297
83.55455780029297
77.62764739990234
71.72188568115234
-45.59481430053711
-16.79900550842285
71.53308868408203
-2.416658401489258
73.69347381591797
93.20571899414063
57.97902297973633
74.0802230834961
68.27455139160156
78.59638214111328
65.22343444824219
66.84268951416016
93.56110382080078
67.62519836425781
58.267967224121094
55.12596130371094
94.2037124633789
70.77217102050781
65.87982177734375
78.28323364257813
55.970462799072266
145.62155151367188
166.18612670898438
-12.854365348815918
-61.0511474609375
-29.93975830078125
-172.25677490234375
-157.2080078125
-156.90719604492188
-160.23011779785156
162.13211059570313
173.11178588867188
-179.2145233154297
-162.29718017578125
-174.95326232910156
-177.2211456298828
164.78167724609375
164.52259826660156
-43.00886154174805
-95.13751220703125
-93.94570922851563
-53.401126861572266
-51.22855758666992
-76.81928253173828
-65.89031219482422
-83.83843231201172
-70.34894561767578
-50.97883987426758
-87.8458023071289
-55.434898376464844
-59.83809280395508
-81.93621826171875
-61.434226989746094
-58.52739715576172
-52.237953186035156
-64.30489349365234
-72.22234344482422
-66.89769744873047
-59.32942199707031
-57.01579284667969
-73.19197845458984
-78.5622787475586
8.808107376098633
150.87257385253906
68.16485595703125
80.8097152709961
-59.956172943115234
-71.5433349609375
-73.35215759277344
