173.3316192626953
172.43568420410156
170.85369873046875
-68.49212646484375
-41.68522262573242
165.72708129882813
172.2332763671875
-64.00049591064453
-60.96596908569336
-86.68643951416016
-64.04853820800781
-61.34212875366211
-90.12409210205078
-73.21790313720703
-46.95454788208008
-52.85456466674805
-75.20232391357422
163.7659912109375
156.72763061523438
-174.8495330810547
-172.64578247070313
145.52618408203125
157.55860900878906
165.553466796875
179.57264709472656
166.913818359375
176.49676513671875
179.49537658691406
167.11752319335938
167.47396850585938
166.4866485595703
170.6329345703125
-172.71885681152344
173.9293212890625
-176.9900360107422
-177.10305786132813
178.92640686035156
171.4382781982422
173.2952117919922
-146.1426544189453
-174.93446350097656
166.51327514648438
171.44532775878906
167.392333984375
-170.71865844726563
-178.80044555664063
165.1187744140625
169.4211883544922
-161.24388122558594
163.6554718017578
159.8272705078125
-154.567626953125
-173.89407348632813
-169.47535705566406
-24.791479110717773
159.35206604003906
165.62149047851563
38.808712005615234
178.88233947753906
170.23031616210938
-75.03453826904297
-176.57864379882813
179.5443572998047
170.9072723388672
158.1734161376953
-14.377520561218262
-179.2158660888672
160.47451782226563
102.17312622070313
-176.14749145507813
-174.309814453125
-167.2978057861328
-179.04116821289063
164.421142578125
-171.99725341796875
161.41329956054688
-166.6094512939453
-167.53514099121094
171.56471252441406
-27.69434928894043
-16.2825984954834
-160.24838256835938
31.195249557495117
92.80249786376953
-42.11549758911133
-87.17733764648438
15.991783142089844
-58.2253532409668
-175.39761352539063
175.33226013183594
-169.28257751464844
163.71836853027344
57.68795394897461
153.74977111816406
-172.94158935546875
-165.0912628173828
10.336626052856445
-91.89077758789063
24.21971321105957
-172.1166534423828
-84.95104217529297
-179.82723999023438
-111.55304718017578
-148.9855194091797
-97.01826477050781
-179.1939239501953
166.9654998779297
173.13421630859375
63.12424850463867
72.00763702392578
89.22416687011719
90.09062957763672
72.62076568603516
-106.02108764648438
-73.32141876220703
121.03651428222656
81.07203674316406
-3.0658867359161377
-152.25997924804688
61.17517852783203
63.081722259521484
115.61567687988281
67.29762268066406
68.73751831054688
52.74281311035156
80.74711608886719
80.0575942993164
-58.63136672973633
-78.52559661865234
59.18832778930664
79.36604309082031
50.792762756347656
60.99884033203125
63.88840103149414
85.0936508178711
82.20450592041016
73.95033264160156
55.35506820678711
74.0821304321289
70.9649658203125
49.19821548461914
-90.64807891845703
156.14334106445313
-38.45295333862305
25.41451644897461
51.614295959472656
71.93807220458984
125.87142944335938
174.35240173339844
152.0686492919922
179.74810791015625
52.44691848754883
-163.33486938476563
-174.4964141845703
-175.64427185058594
170.68838500976563
175.46861267089844
170.8325958251953
-178.17674255371094
170.2093048095703
-153.05165100097656
58.68701934814453
-22.1981201171875
-173.37338256835938
165.82830810546875
-172.61126708984375
-158.5562286376953
-50.49613571166992
-8.978079795837402
177.34173583984375
65.44747924804688
175.19879150390625
-169.6160430908203
4.5258588790893555
-32.51621627807617
-157.69190979003906
-61.80937957763672
-47.3036994934082
-79.5782241821289
-57.362850189208984
-73.83692932128906
-91.8055419921875
-80.90059661865234
58.53134536743164
51.92133712768555
-86.53224182128906
-69.03506469726563
80.16417694091797
104.68901824951172
40.52009582519531
144.99705505371094
98.93099212646484
15.764884948730469
47.94744110107422
-87.3337173461914
157.0579376220703
-55.769195556640625
-71.7089614868164
149.74783325195313
111.71563720703125
-68.61160278320313
-48.419368743896484
135.1856689453125
-60.38867950439453
64.15140533447266
-71.7719497680664
107.15245819091797
79.52466583251953
-63.943077087402344
103.01705932617188
-14.131450653076172
108.8280029296875
-60.848358154296875
-78.17030334472656
82.80567932128906
-98.38478088378906
-112.5557632446289
14.975540161132813
-63.598304748535156
-38.70417785644531
-56.34349060058594
-85.52644348144531
-5.415986061096191
123.09153747558594
0.04052932187914848
-23.964405059814453
77.55191802978516
93.86165618896484
-32.53228759765625
-78.3414077758789
-76.33888244628906
-42.92488479614258
-62.77185821533203
92.06288146972656
2.234833002090454
103.23357391357422
-69.06853485107422
130.5328369140625
-69.9908676147461
10.252286911010742
-109.77588653564453
102.62660217285156
56.77735900878906
96.66516876220703
-171.49801635742188
56.41667175292969
86.12459564208984
-59.323219299316406
-68.85627746582031
-59.17442321777344
-82.5123291015625
147.1533660888672
-71.12310791015625
-72.04344940185547
-167.63026428222656
155.79275512695313
68.16627502441406
-37.61188507080078
58.17987060546875
-101.06040954589844
73.07349395751953
70.11593627929688
79.02640533447266
-79.03826141357422
61.277137756347656
72.74735260009766
78.04132843017578
76.55831146240234
59.856689453125
56.62996292114258
82.8759994506836
44.437347412109375
97.78489685058594
72.68400573730469
48.994415283203125
75.65835571289063
83.39875030517578
66.15554809570313
82.08122253417969
176.99359130859375
-159.72157287597656
175.05014038085938
-168.0244903564453
171.63650512695313
-162.59603881835938
175.1188201904297
-169.59071350097656
-81.52151489257813
-63.3711051940918
-83.11385345458984
-147.09991455078125
167.24383544921875
28.094785690307617
177.3077850341797
179.10862731933594
-9.066324234008789
165.98410034179688
51.40262222290039
-170.4989776611328
-141.66763305664063
159.5668182373047
-165.31248474121094
167.35903930664063
167.20968627929688
-177.61141967773438
172.9515838623047
167.0303192138672
-175.7435760498047
176.52536010742188
29.618776321411133
9.532581329345703
-10.60403060913086
-27.101953506469727
-15.03476619720459
-176.4508056640625
169.20098876953125
-176.11952209472656
80.9389877319336
-15.6395902633667
37.28370666503906
-154.45323181152344
28.175853729248047
-176.96253967285156
-81.6337890625
-178.21934509277344
-146.90101623535156
-124.80577087402344
-39.75253677368164
53.89301300048828
120.08807373046875
36.1392822265625
-101.3546371459961
68.6087417602539
7.7302470207214355
-69.17396545410156
13.505508422851563
-39.32764434814453
-47.04121398925781
59.81939697265625
-106.41212463378906
-30.503173828125
-118.5201187133789
-104.50537872314453
-110.3799057006836
178.37530517578125
-173.45729064941406
174.4263153076172
90.55823516845703
-170.94078063964844
-44.62821960449219
159.1402587890625
174.48513793945313
90.56905364990234
69.25936126708984
17.055526733398438
-79.18924713134766
-52.597679138183594
-124.5367431640625
69.15458679199219
9.820319175720215
-61.289371490478516
-53.444454193115234
-54.2275390625
-52.215423583984375
-88.7004165649414
-74.24466705322266
-43.898502349853516
-63.530174255371094
-73.30949401855469
159.70980834960938
172.31915283203125
-173.7379913330078
-177.80845642089844
167.66015625
-169.3585662841797
159.5237579345703
157.61575317382813
-161.8957977294922
179.233642578125
168.27748107910156
-178.08453369140625
176.3667755126953
179.92852783203125
-171.7229766845703
162.86912536621094
171.02049255371094
167.6357421875
175.1658172607422
-167.23684692382813
176.738037109375
-172.19773864746094
162.6858367919922
10.015938758850098
-70.84199523925781
-89.55970764160156
-53.44963073730469
-51.51996612548828
-72.83338928222656
-64.71895599365234
-65.10581970214844
-71.83975982666016
-82.8575668334961
-54.09709548950195
-74.9049301147461
-58.870704650878906
-92.04393768310547
-57.55913543701172
-60.094852447509766
-60.494895935058594
-50.215538024902344
-62.67264175415039
-86.75152587890625
-62.27899932861328
-87.40077209472656
-73.72820281982422
-54.85337829589844
-72.68705749511719
-72.87217712402344
-60.73031997680664
-67.13529205322266
-64.65876770019531
-66.93475341796875
-53.05565643310547
-64.47075653076172
-59.460445404052734
-70.47280883789063
-81.52075958251953
-61.67748260498047
-84.81449127197266
-61.33059310913086
-63.744598388671875
-112.75568389892578
-39.12019348144531
173.35484313964844
175.03216552734375
174.0048370361328
173.67312622070313
-169.85321044921875
-169.40554809570313
173.96978759765625
161.03614807128906
178.60708618164063
161.8038330078125
168.00137329101563
162.2301483154297
174.4867706298828
174.46112060546875
-175.56468200683594
175.91836547851563
-160.16357421875
174.46446228027344
175.64254760742188
-178.1750946044922
-175.37245178222656
167.161865234375
163.36984252929688
176.340576171875
166.13319396972656
-167.1470184326172
178.96823120117188
-154.8475799560547
-177.6260528564453
-142.95928955078125
-20.995899200439453
-177.2418975830078
178.43458557128906
7.118317127227783
-159.16490173339844
173.1586151123047
179.05941772460938
-177.90274047851563
175.66656494140625
-161.6198272705078
169.22996520996094
-172.9240264892578
-170.39227294921875
-177.38229370117188
179.90328979492188
175.232421875
176.62265014648438
-167.8562469482422
167.65817260742188
-167.91357421875
162.78463745117188
23.154926300048828
159.86572265625
-174.87290954589844
-27.43048858642578
-179.5040283203125
-41.34621047973633
174.92193603515625
-16.6343936920166
-61.715187072753906
25.013681411743164
167.3861846923828
-166.8455810546875
167.5796356201172
-175.0453338623047
-168.38241577148438
-148.8011474609375
-172.15943908691406
169.68359375
65.30155944824219
70.67484283447266
71.28905487060547
-74.7276382446289
-110.95120239257813
59.86622619628906
79.0472640991211
37.36753845214844
48.246063232421875
61.18062210083008
73.04881286621094
78.19224548339844
55.36014938354492
-106.84119415283203
-97.04113006591797
74.64295196533203
57.4857177734375
72.42015838623047
-142.00213623046875
82.05948638916016
94.55867004394531
-69.02416229248047
-52.79070281982422
-99.66232299804688
-99.64358520507813
78.22116088867188
55.29613494873047
-85.58428955078125
83.3507308959961
60.88779830932617
-122.66190338134766
-85.37039947509766
-146.8188934326172
-82.29374694824219
80.8038101196289
-68.10359191894531
-106.2633056640625
-125.69064331054688
-4.351130962371826
-15.071919441223145
-42.70215606689453
112.87461853027344
124.29322814941406
24.04121971130371
93.6935043334961
-75.9332504272461
-38.76164627075195
-85.94944763183594
-88.07017517089844
-72.28260040283203
-42.26559829711914
-54.19321823120117
-103.0536117553711
-166.54039001464844
168.22808837890625
-161.6389617919922
146.7508087158203
-175.05941772460938
179.20758056640625
113.56234741210938
76.37598419189453
84.7750015258789
-28.976032257080078
-72.2058334350586
-1.9082423448562622
56.045166015625
151.8698272705078
179.79281616210938
-143.70623779296875
-177.09683227539063
-7.301986217498779
-8.700238227844238
-50.435237884521484
-170.9984588623047
-150.7130126953125
177.89585876464844
-170.8122100830078
-179.2447509765625
177.92457580566406
174.82330322265625
-174.29019165039063
-166.65293884277344
-177.98828125
168.22264099121094
-154.16871643066406
-167.54681396484375
-167.89964294433594
165.3178253173828
164.05784606933594
171.6671905517578
-177.32003784179688
-169.48106384277344
-154.9722137451172
-160.3811492919922
165.24900817871094
172.78773498535156
-160.83935546875
163.56497192382813
167.95904541015625
174.5685272216797
179.88348388671875
-178.15243530273438
-5.411633491516113
-176.56918334960938
163.11154174804688
80.73358154296875
-170.2109832763672
172.49789428710938
172.74966430664063
-165.4203643798828
-159.6073760986328
-175.61123657226563
-149.793212890625
168.07557678222656
171.53778076171875
164.94166564941406
152.8910675048828
-177.45372009277344
173.751953125
156.48707580566406
-169.6454315185547
166.655029296875
-174.92666625976563
179.4750518798828
175.41917419433594
171.0497589111328
176.57449340820313
-174.14967346191406
-163.5569610595703
178.53404235839844
-179.80914306640625
175.81076049804688
162.7204132080078
-179.44503784179688
171.6413116455078
-167.12664794921875
-174.60934448242188
-168.02906799316406
-162.04983520507813
-165.11000061035156
177.62039184570313
-171.6649627685547
-171.31346130371094
-165.06854248046875
175.96849060058594
165.84921264648438
10.479820251464844
13.79627799987793
1.7991530895233154
-171.48170471191406
-26.32975959777832
-18.787696838378906
2.623613119125366
77.65885925292969
-168.0517578125
-70.24655151367188
167.56967163085938
-7.011944770812988
177.75486755371094
178.3912353515625
152.1919403076172
174.61439514160156
168.61700439453125
-155.5197296142578
-85.04019165039063
-43.672569274902344
-60.688533782958984
-69.44508361816406
-67.51007843017578
-53.533329010009766
-87.69742584228516
-53.85150909423828
-72.76133728027344
-69.77783966064453
-90.35881042480469
-72.79594421386719
-41.84788513183594
-35.12593460083008
-59.360687255859375
-82.28425598144531
-80.36886596679688
-56.70217514038086
-64.79134368896484
-89.8657455444336
-64.36075592041016
-65.44766998291016
-69.95272827148438
-54.901485443115234
-59.558006286621094
-58.957176208496094
-50.41640853881836
-71.76406860351563
-50.86050796508789
-67.78410339355469
-69.02593231201172
-69.92974090576172
-66.3848648071289
-127.02188110351563
-156.61965942382813
-161.03671264648438
-164.35848999023438
-169.9393310546875
175.09091186523438
177.10987854003906
-174.86697387695313
172.6392059326172
155.27142333984375
-177.95704650878906
-164.5380401611328
-178.9291534423828
-148.07603454589844
176.88751220703125
163.48793029785156
170.85093688964844
-173.8099822998047
167.0940704345703
-178.874755859375
163.61717224121094
172.42767333984375
166.96060180664063
-179.5662841796875
178.1073455810547
170.0747528076172
178.6627197265625
-173.05784606933594
159.0691375732422
-170.51739501953125
-160.43759155273438
-178.64944458007813
-162.95175170898438
84.4630126953125
66.39146423339844
86.54830169677734
62.708431243896484
72.51729583740234
78.69114685058594
61.94884490966797
72.7072982788086
75.31283569335938
80.9861068725586
85.23016357421875
69.27513122558594
46.88227844238281
65.55013275146484
52.56529235839844
68.02054595947266
73.73416900634766
69.48065948486328
156.33750915527344
59.57960891723633
59.33230972290039
64.48883056640625
60.52309036254883
79.30640411376953
53.93595886230469
61.739009857177734
69.67790222167969
-112.62425231933594
49.512516021728516
-97.49054718017578
87.30218505859375
92.29379272460938
76.40422058105469
78.21221160888672
62.3906364440918
62.55414581298828
75.92204284667969
62.78361892700195
162.61871337890625
-126.80561828613281
65.31373596191406
93.09220886230469
74.04399108886719
57.2011833190918
74.13720703125
-50.00206756591797
58.04671859741211
30.86665916442871
-82.69466400146484
68.96077728271484
65.85221862792969
-0.04294730722904205
-113.27275848388672
50.159149169921875
59.566566467285156
-160.35504150390625
-103.70174407958984
33.59884262084961
43.69995880126953
37.68904495239258
42.608211517333984
47.67839813232422
78.1517562866211
101.52796936035156
74.22461700439453
66.36575317382813
70.78470611572266
68.13032531738281
65.24434661865234
85.0105209350586
67.73158264160156
74.72459411621094
6.785783767700195
-36.12998580932617
52.6048583984375
66.17765045166016
60.57625961303711
65.81521606445313
77.21078491210938
-112.27067565917969
75.56295013427734
59.20512390136719
52.71373748779297
89.4462661743164
-65.59858703613281
-74.2154769897461
-80.7333755493164
-92.89898681640625
-70.71944427490234
-63.75423049926758
-53.95418167114258
-85.0727767944336
-69.43603515625
-62.60944366455078
-62.15125274658203
-87.22649383544922
168.32229614257813
178.847412109375
-3.7364823818206787
-97.7834701538086
142.97833251953125
-175.5667724609375
173.1299285888672
160.55177307128906
160.25425720214844
-163.83590698242188
172.59376525878906
-178.96168518066406
-161.17184448242188
158.85897827148438
-169.2107391357422
176.02468872070313
-169.1937713623047
171.1558837890625
168.35882568359375
-171.82730102539063
-175.46511840820313
83.67787170410156
-179.98782348632813
144.23236083984375
67.94078826904297
81.04194641113281
22.54025650024414
75.98169708251953
84.01302337646484
81.39149475097656
94.40193939208984
77.1417465209961
-31.303630828857422
-55.683719635009766
46.368408203125
41.82878494262695
-81.21747589111328
-87.06775665283203
-52.898529052734375
-52.27534866333008
172.01016235351563
-171.32647705078125
163.794189453125
163.13282775878906
174.71084594726563
-112.58882141113281
-93.0299301147461
-38.734375
-62.14162063598633
-69.29285430908203
-58.879119873046875
-82.57270050048828
-84.35428619384766
-55.443538665771484
-64.65679931640625
-80.53706359863281
-55.35221862792969
-70.75807189941406
-87.42894744873047
-39.373634338378906
-56.10630416870117
-58.73925018310547
-60.050872802734375
-80.95223236083984
-67.33379364013672
-57.76805114746094
-61.44918441772461
-67.95693969726563
167.02345275878906
161.32395935058594
-170.44061279296875
176.91192626953125
-179.57424926757813
-66.43621063232422
-74.901123046875
-39.794429779052734
-80.1049575805664
-68.4266586303711
-80.41455841064453
-74.18846130371094
-54.6068000793457
-59.850215911865234
-61.44710922241211
-76.39154815673828
-34.548301696777344
-64.8336410522461
-64.02830505371094
-59.77296447753906
-44.897396087646484
-58.54606628417969
-56.35125732421875
-77.69728088378906
-112.07144927978516
-73.9892578125
-79.0283203125
-78.1353988647461
-87.98767852783203
-65.67667388916016
-59.70878982543945
-69.67626190185547
-63.86319351196289
-147.94114685058594
-61.909088134765625
-68.47081756591797
-69.123046875
155.13912963867188
-176.15493774414063
105.44125366210938
54.72957992553711
75.60297393798828
88.40260314941406
52.9459228515625
46.67169189453125
69.9461669921875
44.8276252746582
82.14746856689453
81.44216918945313
79.92965698242188
67.4868392944336
66.76651000976563
66.00360107421875
93.39495849609375
37.331546783447266
53.82867431640625
56.565574645996094
46.62020492553711
43.324825286865234
58.421897888183594
67.5231704711914
71.31477355957031
50.93999481201172
63.19694900512695
66.80517578125
63.06464767456055
71.57378387451172
66.15260314941406
68.31947326660156
63.83843231201172
82.05367279052734
74.31056213378906
61.0416145324707
58.44061279296875
57.931640625
75.88636779785156
76.90422058105469
81.3388671875
68.80238342285156
51.38430404663086
59.41799545288086
80.99617767333984
104.44243621826172
67.96063995361328
80.1081314086914
57.73931121826172
103.03904724121094
59.99703598022461
92.02239990234375
64.63398742675781
66.05020904541016
81.1792221069336
77.25607299804688
39.873313903808594
65.28417205810547
64.9104232788086
86.71415710449219
73.3485107421875
64.80674743652344
65.2952651977539
-80.75704193115234
-54.20270919799805
-61.15725326538086
-76.09398651123047
-74.9146499633789
