-21.16769027709961
-28.356435775756836
-58.01881790161133
-56.475765228271484
49.76889419555664
2.006204605102539
-19.634246826171875
-79.63548278808594
-64.69441223144531
-75.08577728271484
114.78079223632813
-69.228759765625
49.325889587402344
-53.28446960449219
-66.46800994873047
-51.527198791503906
-100.20108795166016
-52.02842712402344
-66.1473388671875
-58.16802215576172
-83.42605590820313
69.8603286743164
-38.35953903198242
-55.44108581542969
78.05582427978516
-7.712918758392334
62.12987518310547
-38.762577056884766
-57.63988494873047
-63.737770080566406
-49.23965835571289
-77.49250030517578
-47.61882019042969
-73.65000915527344
-55.658958435058594
-61.43491744995117
-80.57731628417969
-71.35052490234375
-72.21906280517578
61.09877395629883
-60.62007522583008
111.37039947509766
-40.37667465209961
66.11554718017578
166.83029174804688
65.23062896728516
-55.883113861083984
-64.97965240478516
-87.1282730102539
-54.648460388183594
-97.08000946044922
-23.2873477935791
-65.0688705444336
149.23342895507813
-81.32865142822266
-67.4998779296875
-62.05192947387695
2.5790584087371826
-92.08765411376953
-57.51974105834961
-63.03178024291992
-58.47956848144531
-84.91708374023438
-86.94092559814453
-76.63423156738281
-63.941097259521484
-62.2088508605957
-62.45398712158203
-45.49287414550781
-45.77672576904297
-74.7993392944336
-63.1492805480957
-65.75376892089844
-64.14030456542969
-71.60651397705078
-70.13764190673828
-53.88664627075195
-61.9563102722168
-78.62635803222656
-56.24990463256836
-82.35226440429688
-69.87370300292969
-89.50399780273438
-67.13893127441406
-88.2732162475586
-80.94805908203125
-69.6363296508789
-78.27696990966797
-68.77836608886719
-43.97997283935547
-57.85163879394531
-75.7162857055664
-58.49793243408203
-51.828399658203125
-49.95964050292969
-55.510318756103516
-51.88465881347656
-74.11931610107422
-54.03086471557617
-71.1984634399414
-58.52864074707031
-71.02461242675781
-56.57842254638672
-67.1511001586914
-54.67851257324219
-62.48910140991211
-66.32025909423828
-77.27159881591797
-71.55677795410156
-53.64577865600586
-72.66236877441406
-69.47771453857422
-59.13026428222656
-81.42240905761719
-84.02681732177734
-52.997257232666016
-77.87944030761719
-60.4036865234375
-85.06458282470703
-54.08314514160156
-75.42888641357422
-63.34486770629883
-76.51156616210938
-77.82392120361328
-64.60455322265625
-49.30552673339844
-82.321533203125
-73.37666320800781
-60.79508972167969
-63.76864242553711
-94.76902770996094
-62.451202392578125
-89.1200942993164
-41.26180648803711
-89.12911224365234
-70.5213623046875
-95.36676025390625
-71.9385986328125
-81.91854858398438
-61.78913497924805
-79.59671020507813
-72.99406433105469
-46.784793853759766
-49.0151481628418
-75.05016326904297
-81.79210662841797
-70.35611724853516
-67.97160339355469
-58.240394592285156
-58.221221923828125
-65.40510559082031
-62.634002685546875
-48.1609001159668
-77.72605895996094
-68.05937194824219
-52.88121795654297
-90.76094818115234
-82.72380065917969
-64.44664764404297
-57.26757049560547
-76.66902923583984
-71.94308471679688
-65.51394653320313
-63.6044921875
-50.92280197143555
-60.9121208190918
-64.23065185546875
-57.65268325805664
-59.14302444458008
-73.59854888916016
-59.53394317626953
-69.22081756591797
-56.552066802978516
-77.37616729736328
-70.88932037353516
-64.17279052734375
-69.22867584228516
-75.98902893066406
-67.2063217163086
-67.21424865722656
-78.44123077392578
-63.34280014038086
-57.45549011230469
-58.36688995361328
-57.72494125366211
-73.62830352783203
-60.442535400390625
-65.99520111083984
-66.16046905517578
-63.03515625
-61.37489318847656
-54.47798156738281
-46.733558654785156
-89.88053894042969
-63.612953186035156
-78.49763488769531
-82.50393676757813
-58.976619720458984
-56.787208557128906
-73.44731903076172
-39.62278366088867
-52.37217712402344
-71.57301330566406
-98.33197784423828
-52.37541580200195
-75.96097564697266
-49.76902389526367
-65.8835220336914
-80.85026550292969
-52.49928283691406
58.28546142578125
129.59005737304688
39.39128112792969
1.8641475439071655
95.24271392822266
78.31196594238281
-76.92491149902344
-73.45339965820313
-57.251251220703125
-61.560726165771484
-54.600582122802734
60.8058967590332
-69.87487030029297
-72.64501953125
-49.89533615112305
-62.494529724121094
-91.67887115478516
-37.61923599243164
-67.48845672607422
-71.9097900390625
-54.62449645996094
-65.55158233642578
-77.53741455078125
-56.936256408691406
-88.7728271484375
-74.32672882080078
-76.0647964477539
-49.87394714355469
-54.97168731689453
-51.788482666015625
-62.116153717041016
-64.17373657226563
-77.42906951904297
-63.067543029785156
-54.140472412109375
-84.23551177978516
-56.44253921508789
-71.89923095703125
-80.03176879882813
-66.85265350341797
-85.51656341552734
-51.30889892578125
-66.72980499267578
-47.07271957397461
-82.65011596679688
-47.83688735961914
-50.17323684692383
2.6872403621673584
176.42062377929688
-153.18882751464844
-174.8116455078125
170.00140380859375
-170.27728271484375
-179.55303955078125
-163.3171844482422
-159.73086547851563
155.46963500976563
-172.98167419433594
178.19943237304688
159.10987854003906
139.1563262939453
-155.61521911621094
-165.57594299316406
-163.73167419433594
-157.53587341308594
-176.45204162597656
-173.09178161621094
179.3249053955078
-179.8331756591797
-171.93576049804688
-178.91790771484375
-162.09413146972656
-178.43301391601563
-167.91104125976563
164.44554138183594
-165.1416473388672
161.44874572753906
162.7733917236328
173.77687072753906
-177.59664916992188
-159.50747680664063
-168.8386688232422
172.25221252441406
179.3212432861328
161.34254455566406
164.0844268798828
-167.0485382080078
-168.91729736328125
-179.05133056640625
170.5331268310547
-179.7478485107422
157.34848022460938
167.46405029296875
-171.68577575683594
-153.3258514404297
179.02386474609375
175.0059051513672
-179.5945587158203
176.01007080078125
178.64288330078125
178.3677520751953
-179.76840209960938
-163.9906768798828
169.7837677001953
168.9696044921875
78.20523834228516
100.09595489501953
48.627777099609375
54.56118392944336
58.39442825317383
74.90445709228516
79.58173370361328
97.35453796386719
63.819007873535156
90.64888763427734
90.69554138183594
83.1244125366211
43.61849594116211
41.20726776123047
173.43948364257813
-176.5894317626953
172.13497924804688
-173.87496948242188
166.4236602783203
-169.56739807128906
-175.8380584716797
-137.51817321777344
-174.17721557617188
-175.05685424804688
176.70654296875
-177.0061798095703
-171.09185791015625
-32.58316421508789
176.986572265625
72.47041320800781
-71.23438262939453
-72.69142150878906
-59.97959899902344
-71.45050811767578
-73.9942398071289
-53.17682647705078
-45.10307312011719
-51.341285705566406
-59.885311126708984
-48.43903350830078
-60.87456512451172
-71.10023498535156
-51.22221374511719
175.54318237304688
-175.1044158935547
-176.51800537109375
177.4169158935547
160.9969024658203
175.27125549316406
-167.1715087890625
165.66322326660156
-152.6315460205078
-164.80235290527344
168.17218017578125
162.81161499023438
56.207271575927734
58.0162467956543
54.08011245727539
70.58649444580078
42.41690444946289
54.465423583984375
66.96060943603516
60.60244369506836
72.79235076904297
82.68115997314453
80.42096710205078
62.379859924316406
66.2610855102539
71.97505187988281
73.59318542480469
71.44847869873047
47.50175476074219
87.33069610595703
41.63747024536133
49.6974983215332
79.7447738647461
72.73992919921875
68.09022521972656
47.79072189331055
64.32774353027344
64.34725189208984
63.415977478027344
70.65142059326172
62.6432991027832
73.28077697753906
70.36270141601563
61.2169303894043
64.35516357421875
51.313446044921875
86.38720703125
28.669963836669922
108.98951721191406
61.765830993652344
-137.6752166748047
168.818115234375
164.07508850097656
167.5559539794922
-157.3956298828125
-159.1854705810547
167.6468963623047
165.86695861816406
170.3977813720703
-160.0053253173828
-70.14037322998047
-67.7627182006836
-66.88825988769531
-65.60789489746094
-63.868778228759766
-70.6387939453125
-72.96160125732422
-134.3662109375
179.07196044921875
-173.92381286621094
-158.62582397460938
174.3574981689453
164.38284301757813
167.8165283203125
175.75314331054688
172.36293029785156
-149.59140014648438
89.19795989990234
81.03468322753906
64.80644226074219
61.559627532958984
48.316349029541016
79.19889068603516
61.64881134033203
-65.56578063964844
-86.01618194580078
-68.83110809326172
-52.702850341796875
-63.995296478271484
-65.65532684326172
-68.70947265625
-94.00361633300781
-80.58638000488281
-77.3193359375
-89.45559692382813
-70.16983795166016
-77.73966217041016
-77.68648529052734
-77.54828643798828
-75.05513000488281
-97.32588958740234
-74.8722915649414
-55.01731491088867
-68.39716339111328
-70.01625061035156
-61.2318115234375
-69.66974639892578
-68.99748992919922
-70.63307189941406
-58.22747039794922
-60.346981048583984
-52.098575592041016
-55.241455078125
-70.81074523925781
-56.0075798034668
-53.93246078491211
-33.71047592163086
-36.8995475769043
-80.70728302001953
-47.407798767089844
-84.27594757080078
-80.42866516113281
-83.41531372070313
-93.43347930908203
-91.39258575439453
-94.03924560546875
-57.94999313354492
-35.98464584350586
-86.9611587524414
-60.31578063964844
-55.97463607788086
-67.97420501708984
-54.39560317993164
-68.70161437988281
-55.173954010009766
-71.13790893554688
-64.39195251464844
-78.97310638427734
-59.17243576049805
-62.294837951660156
-70.14894104003906
-69.74678802490234
-58.53327941894531
-50.285621643066406
-63.9178352355957
-61.939414978027344
168.6109161376953
170.77818298339844
179.32684326171875
-177.7825164794922
155.22621154785156
-178.0619354248047
-169.08424377441406
-173.0192108154297
179.64987182617188
173.90267944335938
178.58168029785156
176.79075622558594
-162.83209228515625
-165.9393310546875
161.58230590820313
-172.92987060546875
-162.7168426513672
167.38047790527344
65.11660766601563
52.348114013671875
82.51227569580078
69.63289642333984
86.69642639160156
52.15923309326172
66.46841430664063
54.46308517456055
67.27921295166016
57.10572814941406
75.23091125488281
81.84644317626953
115.26537322998047
39.57929992675781
79.13858032226563
68.17912292480469
61.65758514404297
45.850440979003906
-30.8289852142334
-86.0048828125
140.7572021484375
143.24658203125
48.14186096191406
72.58995819091797
46.084598541259766
93.3785171508789
65.55377197265625
55.169944763183594
42.956321716308594
-98.8960952758789
169.2830810546875
65.76992797851563
66.4915771484375
65.08792114257813
-64.31123352050781
61.85818862915039
71.19515228271484
-110.91106414794922
-66.12382507324219
137.885009765625
60.333274841308594
65.38487243652344
57.07683563232422
68.81362915039063
43.83184814453125
64.90624237060547
59.40488815307617
84.47123718261719
66.2968521118164
65.83999633789063
88.77289581298828
85.95320892333984
68.35455322265625
53.68507766723633
59.18014144897461
81.7981185913086
61.02826690673828
77.94026184082031
83.39773559570313
55.45451354980469
68.81149291992188
68.98333740234375
47.165042877197266
81.83528900146484
61.1225700378418
56.63984298706055
67.88209533691406
64.01213836669922
87.15235900878906
76.71575927734375
64.12300872802734
97.53889465332031
62.51880645751953
60.685302734375
78.45381927490234
62.63528060913086
65.2713851928711
70.96939849853516
82.14946746826172
67.82041931152344
70.43547058105469
66.169677734375
-138.6578826904297
-104.3248291015625
66.12100982666016
70.38815307617188
-64.46216583251953
-133.74757385253906
101.79203796386719
11.940450668334961
94.17176818847656
-64.2165298461914
-72.92433166503906
-47.3831672668457
-75.33650970458984
-47.459434509277344
-65.8295669555664
-75.53910064697266
-70.71051025390625
-57.50521469116211
-81.00550079345703
-46.67668151855469
-43.94229507446289
-53.69920349121094
-76.1114730834961
-65.27323913574219
-63.87009048461914
-81.26045227050781
-55.03936767578125
-43.23089599609375
-68.39252471923828
-48.97003173828125
-56.36891555786133
-80.35264587402344
-60.324710845947266
-77.73099517822266
-44.567508697509766
-66.99617004394531
-81.75881958007813
-44.1378173828125
-78.0693359375
-72.7304916381836
-66.49712371826172
-61.6627311706543
-53.610897064208984
-63.14812088012695
-43.64598846435547
-73.45763397216797
-80.19154357910156
-88.17413330078125
-79.32254791259766
-64.08181762695313
-34.789642333984375
-64.96328735351563
-60.912078857421875
-70.90605163574219
-80.66785430908203
-43.62742614746094
-58.17697525024414
146.82179260253906
-172.9596405029297
170.91265869140625
-37.71145248413086
-172.81927490234375
-178.25331115722656
-168.03079223632813
-167.3688507080078
175.73196411132813
-173.81321716308594
-147.57264709472656
-173.35198974609375
-168.65530395507813
-174.0207061767578
-177.47830200195313
-160.75364685058594
165.2497100830078
-176.51321411132813
171.84153747558594
-169.74472045898438
-165.9801788330078
155.90328979492188
169.4064178466797
-161.0101776123047
-170.6103973388672
-160.36099243164063
145.28546142578125
99.940673828125
-178.98574829101563
-153.06687927246094
177.19187927246094
-175.37071228027344
159.1415252685547
-171.2165069580078
-163.0287628173828
165.71141052246094
-31.912494659423828
164.32894897460938
154.57798767089844
171.59573364257813
-161.63414001464844
-12.864365577697754
167.25926208496094
33.60795974731445
-176.14852905273438
174.63302612304688
-172.964111328125
-171.98300170898438
-163.1201934814453
-158.37596130371094
167.65049743652344
-169.9427947998047
161.77320861816406
-8.61850357055664
58.76472091674805
-76.49312591552734
71.74188995361328
-162.2926788330078
-179.07655334472656
148.3316650390625
-159.88429260253906
-46.65692901611328
143.68551635742188
-41.01865768432617
167.38241577148438
-165.7291259765625
172.0861358642578
171.11940002441406
-43.96772003173828
-158.62132263183594
173.27227783203125
-157.2081756591797
-149.9823455810547
-177.75811767578125
172.29934692382813
172.6322784423828
172.57223510742188
167.78427124023438
47.27302932739258
-112.6527099609375
82.02965545654297
-175.40667724609375
-162.00743103027344
172.80245971679688
-176.30068969726563
159.15994262695313
175.4149627685547
-176.44522094726563
179.3333282470703
-171.1150360107422
-175.14820861816406
-172.78976440429688
174.28240966796875
175.41439819335938
-169.54391479492188
-173.3199005126953
170.275146484375
-160.340576171875
-179.4107666015625
169.4322509765625
38.63955307006836
-5.442269325256348
175.33200073242188
177.62149047851563
-161.35211181640625
-166.0392608642578
-179.8637237548828
168.54676818847656
167.72018432617188
-179.48841857910156
-170.32760620117188
-175.8292236328125
-170.8391876220703
-168.16363525390625
172.18206787109375
174.22352600097656
-175.36395263671875
-172.01715087890625
-165.12078857421875
-159.69601440429688
179.3391571044922
172.4991455078125
-105.0627670288086
-71.13174438476563
-67.88729858398438
-70.22781372070313
-61.20486831665039
-37.5772590637207
-80.1845703125
-103.8811264038086
-52.296958923339844
-92.18921661376953
-67.48858642578125
-71.61184692382813
-74.82656860351563
-90.98955535888672
-74.70242309570313
57.945194244384766
-20.644346237182617
-53.375877380371094
-71.37344360351563
-72.012939453125
-58.07398986816406
-80.91468048095703
-179.88682556152344
2.6380455493927
178.05772399902344
-176.2113037109375
-165.78094482421875
-169.45643615722656
170.06524658203125
140.92648315429688
-175.30564880371094
-169.96803283691406
-169.307861328125
-176.3394775390625
175.936767578125
-155.7270050048828
-172.98675537109375
-158.71888732910156
179.27818298339844
-179.78240966796875
156.41529846191406
-167.97433471679688
172.85096740722656
169.58016967773438
178.22787475585938
178.1543426513672
-167.50640869140625
169.55091857910156
-158.4650115966797
165.85763549804688
-170.357421875
-164.4443817138672
176.16433715820313
-163.34645080566406
-160.4542236328125
160.1055908203125
166.50437927246094
-131.2430419921875
171.3809356689453
-162.3914794921875
178.63955688476563
177.50660705566406
179.32305908203125
-175.70643615722656
-159.0919647216797
-179.9906463623047
-179.26060485839844
-172.12112426757813
-176.32594299316406
168.18496704101563
-66.45381164550781
-80.39161682128906
-176.19366455078125
175.79037475585938
178.17616271972656
-48.248046875
177.345947265625
-169.65061950683594
162.6062469482422
-173.54489135742188
-162.9446563720703
-179.3042449951172
92.36930084228516
-161.47764587402344
-175.162353515625
172.47950744628906
8.52750301361084
-176.06723022460938
-32.79176330566406
-162.5915985107422
-163.76417541503906
-173.30364990234375
177.03387451171875
163.2986297607422
-171.0121307373047
139.72267150878906
-64.20687866210938
-92.97587585449219
172.4327392578125
177.71527099609375
-179.68455505371094
176.34544372558594
160.0156707763672
178.37611389160156
173.86068725585938
-164.11810302734375
170.419677734375
-172.23875427246094
-160.68295288085938
166.59580993652344
159.45555114746094
-165.13710021972656
81.9011001586914
-159.51113891601563
-12.510719299316406
-175.35000610351563
-102.74393463134766
89.47789001464844
58.98683166503906
108.74786376953125
74.92214965820313
-100.6241683959961
-70.54767608642578
83.29341888427734
53.93060302734375
60.25639343261719
75.85375213623047
74.95327758789063
49.28986740112305
-68.9625473022461
-63.561100006103516
-67.02919006347656
-68.13574981689453
-63.919952392578125
-54.131526947021484
-70.52566528320313
-80.74068450927734
-70.88771057128906
-64.8814697265625
65.91187286376953
32.96390151977539
-174.8992919921875
-67.742919921875
2.095027446746826
-76.3517837524414
91.2413101196289
-92.18607330322266
-55.73638153076172
102.2560043334961
69.13542175292969
69.71122741699219
177.0592498779297
55.10068893432617
87.82792663574219
82.91023254394531
3.6040291786193848
2.5024468898773193
121.6384048461914
-61.635318756103516
-59.320457458496094
106.71698760986328
-73.24305725097656
-80.86116027832031
-61.12157440185547
-63.291709899902344
-73.81255340576172
-81.07618713378906
-40.311222076416016
-58.90971374511719
-76.31612396240234
-65.4453353881836
-105.77629852294922
88.9336166381836
-59.63141632080078
169.08848571777344
-91.0394058227539
-68.1573257446289
17.4444580078125
-24.820545196533203
136.4805908203125
74.7454833984375
4.731159687042236
-56.336708068847656
-72.01197052001953
-74.64308166503906
-73.84813690185547
-46.85932922363281
161.45848083496094
-3.4879517555236816
88.40451049804688
139.37391662597656
32.7501106262207
69.94746398925781
-47.5343132019043
-167.49168395996094
14.466015815734863
168.2192840576172
167.08370971679688
156.33340454101563
-146.36062622070313
-84.36935424804688
-71.28704071044922
-69.0144271850586
-58.120994567871094
-47.389915466308594
-66.73419189453125
-69.39112091064453
-74.27700805664063
-72.98866271972656
-47.66376876831055
-68.17638397216797
-46.992679595947266
-80.71189880371094
-72.41818237304688
-65.37845611572266
-62.80414962768555
-57.815677642822266
-81.22078704833984
