157.43331909179688
159.2322998046875
153.10557556152344
143.53009033203125
168.57192993164063
80.83273315429688
75.70304870605469
93.04507446289063
82.43518829345703
-2.1123430728912354
52.789146423339844
73.68218994140625
63.73438262939453
37.9699821472168
65.5932846069336
36.099708557128906
66.1199722290039
92.34859466552734
101.03843688964844
69.7288589477539
68.168212890625
62.28672790527344
55.15504455566406
76.6987075805664
46.0427360534668
58.50648498535156
56.889862060546875
33.28828048706055
40.05337142944336
46.76417541503906
74.247802734375
69.44733428955078
66.79669189453125
99.93157958984375
64.11846160888672
71.2976303100586
59.20429229736328
83.6478271484375
76.77467346191406
67.13482666015625
66.98454284667969
66.88886260986328
67.07373046875
62.67784118652344
117.10213470458984
45.707237243652344
73.15310668945313
74.13053894042969
160.48358154296875
-3.580580949783325
8.57619571685791
-43.78641128540039
79.87854766845703
48.283565521240234
67.75349426269531
55.36647033691406
67.27873992919922
71.98570251464844
38.041648864746094
70.21907806396484
71.99503326416016
70.08391571044922
83.50361633300781
86.5285415649414
69.17683410644531
57.6278076171875
81.17581939697266
44.94374465942383
56.820091247558594
128.6092071533203
-66.59581756591797
-84.47169494628906
-55.12570571899414
-64.12477111816406
-48.6844367980957
-67.78160095214844
-68.58856964111328
-67.9913101196289
-91.58576202392578
-57.815250396728516
99.00785064697266
-69.876953125
-88.08517456054688
-66.4996566772461
-64.56586456298828
-49.157997131347656
36.7193489074707
-52.29949188232422
-56.84912872314453
-66.49633026123047
-74.22803497314453
-54.71916580200195
-67.67351531982422
-65.2166519165039
-44.70637130737305
-68.21854400634766
-43.88470458984375
-58.502227783203125
-58.716548919677734
-74.13529205322266
-89.22547912597656
-66.54022216796875
-86.5167007446289
-70.79331970214844
-59.15741729736328
-78.41885375976563
-69.85757446289063
-76.9710693359375
-82.54650115966797
-49.44599914550781
-78.6429443359375
-44.09789276123047
-76.51114654541016
-80.05184173583984
-76.00688171386719
-62.11628341674805
-156.59085083007813
177.85150146484375
173.00498962402344
160.69696044921875
-175.91676330566406
174.2498779296875
173.60086059570313
151.07577514648438
168.73748779296875
172.3003387451172
-179.35203552246094
151.75038146972656
154.0043182373047
174.02305603027344
174.36962890625
159.86932373046875
170.80352783203125
170.9070281982422
-158.91049194335938
-169.03060913085938
179.7151336669922
149.7544403076172
-176.66217041015625
170.52500915527344
171.3565216064453
166.89971923828125
162.67478942871094
-172.99441528320313
178.28562927246094
168.5419464111328
-173.8365936279297
163.7484130859375
168.800048828125
-172.13558959960938
-161.2544403076172
147.7913055419922
-62.92496871948242
-19.228473663330078
28.559328079223633
-176.2523956298828
-172.7247314453125
163.41470336914063
173.74880981445313
163.7998046875
177.3248291015625
-171.0401611328125
-163.40257263183594
175.6092529296875
179.85348510742188
-176.27853393554688
-147.01170349121094
-165.1118927001953
-167.87083435058594
173.69004821777344
165.78195190429688
-175.3975372314453
-159.39865112304688
-148.27276611328125
179.31588745117188
166.8230438232422
143.82334899902344
178.77989196777344
169.82115173339844
-179.02674865722656
148.23028564453125
-172.50711059570313
175.21603393554688
-151.05564880371094
173.46466064453125
-170.42674255371094
166.7246551513672
-171.1929931640625
-173.1955108642578
165.25086975097656
-159.4151153564453
-179.90005493164063
35.14039611816406
37.92857360839844
175.77508544921875
-158.4309844970703
-177.78704833984375
-44.81122589111328
-176.82180786132813
176.6627960205078
-47.70451354980469
178.7666778564453
-173.08763122558594
-166.17315673828125
179.47280883789063
177.3284912109375
174.73101806640625
-177.15037536621094
-101.12641906738281
-45.90369415283203
-82.13139343261719
-60.23096466064453
79.3758544921875
-59.63005828857422
-87.61104583740234
-84.52411651611328
-88.95549011230469
-62.59236526489258
-74.15524291992188
-51.84821701049805
-79.928955078125
-78.9124755859375
-57.424930572509766
-70.42768096923828
-63.781925201416016
-47.042686462402344
-52.39952850341797
-71.83136749267578
-55.93025207519531
-71.74519348144531
-80.4386978149414
-85.02002716064453
-86.334716796875
-80.33551788330078
-46.99209213256836
-170.79971313476563
-158.54013061523438
170.09425354003906
175.92498779296875
-172.0867919921875
175.36305236816406
151.12319946289063
-176.19593811035156
-161.8758087158203
173.14230346679688
-175.34507751464844
-176.35545349121094
-157.58798217773438
163.18089294433594
177.98484802246094
-166.8628692626953
171.6090087890625
-164.84185791015625
175.7151336669922
169.4183807373047
-179.95838928222656
-167.50503540039063
-173.2483367919922
157.85153198242188
-172.082275390625
172.00782775878906
-178.67457580566406
-159.93771362304688
-157.00393676757813
177.00216674804688
166.81678771972656
-178.3751678466797
177.9669189453125
-153.29827880859375
-174.60797119140625
178.35218811035156
-179.33511352539063
-170.1064453125
-179.34706115722656
6.248939037322998
-174.2442626953125
82.85677337646484
179.3086700439453
-149.0912628173828
-167.69017028808594
-176.4644012451172
-169.37203979492188
-173.87765502929688
167.0152130126953
-173.86891174316406
172.64569091796875
166.72454833984375
168.3098602294922
41.588775634765625
-99.56616973876953
-99.47025299072266
87.1061019897461
-83.97347259521484
-73.39002990722656
-3.6674046516418457
-125.32255554199219
40.86664962768555
88.73102569580078
79.4425277709961
-71.3976058959961
-147.5475616455078
167.6055145263672
167.80419921875
35.317405700683594
-0.7329548001289368
-31.3366756439209
36.941043853759766
-176.53439331054688
-21.789276123046875
-29.800201416015625
-106.03192138671875
26.8747615814209
-57.92005920410156
142.19290161132813
179.9715118408203
-50.53916931152344
-35.464881896972656
-12.634968757629395
19.524919509887695
-174.134765625
-9.151363372802734
25.09354019165039
74.83096313476563
89.74137878417969
80.52735900878906
173.37557983398438
-29.388032913208008
-69.83326721191406
87.70235443115234
-33.70862579345703
90.71728515625
44.40513610839844
158.50877380371094
-69.5602035522461
-66.38414001464844
-65.6280746459961
-80.66449737548828
-62.97742462158203
-48.922088623046875
-59.019371032714844
-54.26887130737305
-48.037086486816406
-44.63562774658203
-67.31436157226563
-70.4282455444336
-73.5382080078125
-50.864933013916016
-60.46367645263672
-61.1527214050293
-103.21282958984375
-69.65034484863281
-44.10445785522461
-83.27442932128906
-70.90409088134766
-96.56429290771484
-43.82851028442383
-77.9571533203125
-70.61518859863281
-55.94970703125
-73.55628967285156
-72.52810668945313
-54.94303894042969
179.42958068847656
85.1957778930664
77.14368438720703
80.50398254394531
62.76720428466797
71.25397491455078
57.84429168701172
-110.61896514892578
-73.19688415527344
63.02196502685547
83.69390106201172
46.00728225708008
64.755859375
58.22172546386719
65.11060333251953
78.94757843017578
32.77708435058594
73.63140106201172
58.698699951171875
70.1729507446289
76.1584701538086
92.04568481445313
76.4596939086914
42.790367126464844
83.63088989257813
82.74715423583984
69.1445541381836
81.44380950927734
155.89788818359375
174.88330078125
173.3564910888672
-173.08778381347656
-163.95733642578125
-161.58555603027344
-153.66566467285156
173.2052459716797
175.61599731445313
-172.49807739257813
173.61239624023438
172.77005004882813
-171.22398376464844
51.23316192626953
-171.15908813476563
178.24742126464844
-171.0622100830078
179.77197265625
170.65048217773438
159.50555419921875
-173.2865447998047
-178.56442260742188
167.1787567138672
159.09254455566406
162.2434844970703
-170.11863708496094
174.70704650878906
-174.81045532226563
166.26014709472656
171.7190704345703
-168.65463256835938
159.56793212890625
178.39398193359375
-133.2901153564453
-174.81793212890625
175.40377807617188
176.89840698242188
164.21279907226563
173.5260772705078
168.5054168701172
154.44068908691406
-158.19407653808594
-172.08526611328125
156.0159149169922
-165.87648010253906
-159.6768798828125
-177.93540954589844
175.5393524169922
164.2305450439453
-171.87608337402344
-173.38046264648438
169.6312255859375
177.63897705078125
-150.54119873046875
30.238300323486328
80.81613159179688
71.91968536376953
76.4633560180664
58.373050689697266
46.450416564941406
83.25297546386719
72.5748519897461
42.605255126953125
168.68215942382813
-175.40887451171875
-161.24530029296875
-176.30799865722656
-175.250732421875
172.42666625976563
-156.25146484375
146.84913635253906
154.08619689941406
-170.7703857421875
165.3409881591797
159.31907653808594
-161.4792022705078
-32.00675964355469
177.8789520263672
-177.07156372070313
175.749267578125
155.0970458984375
6.5336127281188965
4.970728874206543
19.488752365112305
-8.111730575561523
-166.53652954101563
16.542503356933594
-15.773221015930176
68.76634979248047
141.7767333984375
145.40731811523438
155.74839782714844
-5.0781779289245605
-10.079744338989258
169.48023986816406
-41.544986724853516
-83.72394561767578
158.64598083496094
156.16648864746094
42.23249816894531
150.0115966796875
174.35723876953125
172.91827392578125
-165.39939880371094
-169.1969451904297
-161.0577392578125
-160.77430725097656
-164.5963592529297
-171.84268188476563
-177.1422882080078
119.11475372314453
-173.1194305419922
-167.0330352783203
159.95018005371094
162.27850341796875
166.52452087402344
-168.75926208496094
-24.8603572845459
-139.38723754882813
-178.1708526611328
-165.17364501953125
160.28575134277344
167.94485473632813
-167.94580078125
-179.15101623535156
172.61776733398438
172.0310516357422
154.66732788085938
170.67062377929688
158.98077392578125
-145.55108642578125
169.84637451171875
-168.9051055908203
170.90406799316406
165.3929443359375
-156.8842315673828
155.651123046875
-159.9752655029297
174.92123413085938
25.12645149230957
162.09129333496094
175.77337646484375
-172.5447540283203
20.63880729675293
178.23486328125
-9.50710391998291
-2.045588254928589
64.01315307617188
-45.470760345458984
-97.763671875
-22.36341094970703
-120.73382568359375
42.75554275512695
47.354618072509766
48.418148040771484
78.50967407226563
63.07347106933594
72.68042755126953
68.9524917602539
55.62867736816406
73.18925476074219
88.43595886230469
76.71434020996094
81.38848114013672
63.58094024658203
96.5928726196289
79.3402099609375
46.50117111206055
-94.88003540039063
5.2119140625
89.5303726196289
-75.04438018798828
-156.00205993652344
80.72239685058594
-103.88101959228516
-54.75844955444336
-62.436195373535156
176.18296813964844
57.42194747924805
-165.41473388671875
113.5024642944336
-116.66822052001953
-87.1266860961914
-86.98746490478516
69.24862670898438
64.69672393798828
68.03556823730469
-148.05213928222656
38.368896484375
67.28453063964844
77.7962646484375
65.87696075439453
81.32025909423828
65.1377944946289
64.98714447021484
65.93089294433594
70.41084289550781
59.28354263305664
80.71418762207031
82.83564758300781
35.534095764160156
-45.29469680786133
-63.170345306396484
1.2284495830535889
57.39300537109375
72.74198150634766
71.68536376953125
67.58565521240234
65.29766845703125
65.80193328857422
72.57543182373047
-104.69161987304688
-67.85911560058594
68.71061706542969
57.801273345947266
81.4258041381836
66.3906478881836
-37.92763137817383
23.311059951782227
44.417789459228516
-29.922508239746094
-36.13715744018555
-52.46122741699219
179.19667053222656
-158.04119873046875
177.6278839111328
-139.55624389648438
-174.99900817871094
177.2133331298828
-168.7893524169922
-157.16807556152344
171.5356903076172
64.17259979248047
-24.812795639038086
-178.33384704589844
-171.38796997070313
175.50997924804688
-165.60325622558594
-178.36253356933594
179.14456176757813
167.94915771484375
177.22158813476563
-163.74850463867188
176.1300506591797
157.84593200683594
174.4747772216797
-177.35354614257813
-159.82505798339844
173.0519256591797
177.4065399169922
-165.24740600585938
-131.6186065673828
166.627197265625
-125.9466552734375
147.14698791503906
79.78303527832031
159.02427673339844
-169.38858032226563
27.94072723388672
1.2720823287963867
171.49021911621094
-177.34376525878906
-169.54086303710938
15.268940925598145
172.8254852294922
159.9613037109375
33.84755325317383
171.6460418701172
148.6888427734375
-37.92842102050781
7.19277811050415
120.939208984375
169.95401000976563
178.91925048828125
-168.03253173828125
-46.45084762573242
160.32052612304688
52.96162796020508
173.06773376464844
-165.33160400390625
45.77798843383789
92.13915252685547
-83.64420318603516
-27.310319900512695
-5.991998195648193
-81.15750122070313
-13.98820972442627
10.013104438781738
-24.451457977294922
-22.573495864868164
0.05948162451386452
48.49713134765625
-58.808780670166016
38.20447540283203
42.70793151855469
-18.61359405517578
64.91143798828125
-123.68758392333984
119.32009887695313
7.909586429595947
-36.40837860107422
62.72008514404297
169.2538299560547
40.42137908935547
-178.18255615234375
173.89190673828125
167.25558471679688
-171.81265258789063
178.6069793701172
165.09669494628906
177.2625732421875
11.645368576049805
48.73297882080078
-173.00765991210938
169.84249877929688
-173.98130798339844
-172.39414978027344
166.8607635498047
-167.3498077392578
157.96209716796875
-172.3426513671875
-161.25836181640625
-171.6566162109375
-176.75491333007813
3.036733865737915
177.1834716796875
179.62103271484375
167.30807495117188
174.8954315185547
-177.8946533203125
-170.4651336669922
-173.42782592773438
-166.45877075195313
-35.751102447509766
4.550393104553223
169.5955047607422
39.417564392089844
162.77256774902344
166.80154418945313
-29.89614486694336
35.80699920654297
-175.0602569580078
25.328813552856445
-38.39997100830078
-148.27609252929688
2.08760142326355
117.486083984375
-76.69189453125
-73.91285705566406
-74.3570785522461
-44.06428909301758
-72.16793060302734
-65.60383605957031
-60.57426452636719
-50.22096252441406
-61.26759719848633
-97.9510498046875
37.87004470825195
91.33775329589844
54.669456481933594
100.3712387084961
61.56145095825195
-78.40973663330078
-80.30172729492188
-47.760921478271484
-61.439579010009766
-58.946746826171875
-51.42020034790039
-69.47028350830078
-67.20817565917969
-71.589599609375
-74.81548309326172
-81.39510345458984
-75.02452850341797
-67.79712677001953
-63.79762268066406
-74.07247924804688
-39.50436782836914
-57.330501556396484
-75.25870513916016
-137.42518615722656
163.1591033935547
166.88125610351563
174.18995666503906
-178.2070770263672
-164.23907470703125
-174.41464233398438
177.731201171875
-170.3118896484375
-178.5688934326172
148.17320251464844
-152.56381225585938
-167.01687622070313
173.6865997314453
150.00466918945313
-168.3302764892578
175.8998565673828
177.0015106201172
-171.77139282226563
-179.33641052246094
-154.93772888183594
-175.5328826904297
136.3759307861328
-152.94189453125
-169.8831329345703
-175.11256408691406
-173.7553253173828
-175.2347412109375
172.24859619140625
176.24789428710938
-164.44618225097656
-169.3904571533203
-171.73251342773438
171.7187042236328
161.9901123046875
171.71351623535156
177.48297119140625
169.98316955566406
175.78211975097656
178.36827087402344
171.57186889648438
-169.6224365234375
-171.7798614501953
-179.68202209472656
-178.19435119628906
-179.31724548339844
-167.57452392578125
-160.84983825683594
-164.74447631835938
-167.4784698486328
-139.9336395263672
61.01561737060547
74.55651092529297
67.52961730957031
54.68527603149414
94.70919799804688
62.830223083496094
63.784236907958984
56.969173431396484
78.59383392333984
109.51527404785156
39.02043914794922
91.58934020996094
81.77302551269531
174.50563049316406
171.05323791503906
-140.6410675048828
-147.72157287597656
-176.53732299804688
-167.41026306152344
169.4123077392578
173.42381286621094
-172.26815795898438
-165.9964141845703
-175.61868286132813
-179.69407653808594
171.1208038330078
162.19900512695313
-164.22952270507813
174.57667541503906
86.06239318847656
84.10363006591797
79.90399932861328
84.38898468017578
-85.9446029663086
-69.33024597167969
-79.20535278320313
-62.63181686401367
-53.06437683105469
-79.74156951904297
-52.000431060791016
-74.49259948730469
-67.13803100585938
-50.37189483642578
-61.910057067871094
-56.316688537597656
-68.14228057861328
-73.88318634033203
-91.9122314453125
-40.573673248291016
-71.59150695800781
-63.75032424926758
-60.727867126464844
-59.975345611572266
-80.60630798339844
-64.56802368164063
-59.368736267089844
-75.17012023925781
-89.65065002441406
-84.34225463867188
-54.335838317871094
-78.6511001586914
-113.40227508544922
-64.7270278930664
-55.981197357177734
-69.42427825927734
-85.64263153076172
-80.92555236816406
-46.817771911621094
-89.89026641845703
130.54727172851563
49.590057373046875
56.77142333984375
61.68335723876953
67.53973388671875
63.81198501586914
74.01594543457031
-66.99076080322266
-81.37235260009766
-58.55464553833008
-88.11872863769531
-76.8731689453125
-73.58020782470703
-71.6629409790039
-53.88905715942383
-71.32095336914063
-85.8990249633789
-63.30989074707031
-56.21134567260742
-55.53653335571289
-77.33667755126953
-62.943424224853516
-64.3584976196289
-23.73838233947754
-73.89651489257813
-69.17926788330078
-57.06442642211914
-80.96646881103516
-51.71409606933594
-56.55524444580078
-69.84712219238281
-60.45328140258789
-77.9770278930664
-88.43367767333984
-75.68132019042969
-73.01541900634766
-55.352970123291016
-53.91968536376953
-48.478145599365234
-78.07528686523438
-40.870330810546875
-60.68608093261719
-67.73273468017578
-73.71334075927734
-49.982704162597656
-100.5954818725586
-57.33835983276367
-58.20222854614258
-68.0792465209961
-42.81539535522461
-72.79349517822266
-63.857398986816406
-66.35790252685547
-52.28399658203125
-64.21671295166016
-81.15553283691406
-75.10641479492188
-96.39659881591797
-45.606048583984375
-84.03819274902344
-80.63594818115234
-63.94822311401367
-61.101356506347656
-49.048133850097656
-64.81334686279297
-65.54109954833984
-52.11581802368164
-48.766883850097656
-65.52265930175781
-83.44601440429688
-47.12540817260742
-80.03155517578125
-59.78818893432617
-105.8763427734375
-70.70760345458984
-65.91893005371094
-73.6650619506836
-109.73651885986328
75.02340698242188
-86.61910247802734
-72.71198272705078
-33.020652770996094
-55.6640739440918
73.36065673828125
-64.13813781738281
162.45028686523438
108.94151306152344
89.16891479492188
74.80694580078125
-131.40927124023438
100.10658264160156
2.633599042892456
-12.911676406860352
109.54862213134766
-143.827880859375
-68.17877197265625
82.94580078125
-91.4095458984375
56.18886947631836
-17.584354400634766
91.4976806640625
76.82887268066406
-47.57975387573242
-56.583900451660156
-75.46701049804688
-51.638648986816406
-81.69977569580078
-61.44924545288086
-96.89656829833984
-71.21009063720703
-55.61054611206055
