-65.34494018554688
29.34400177001953
-75.78536987304688
11.287182807922363
37.06301498413086
36.18209457397461
-85.2125244140625
5.012909889221191
12.15080738067627
-158.7199249267578
-57.51530075073242
-177.23109436035156
162.14137268066406
-167.18971252441406
149.16990661621094
-152.0183563232422
-168.2131805419922
175.75482177734375
-170.419677734375
-162.2964630126953
-164.99302673339844
-50.47694778442383
36.02727127075195
178.60377502441406
160.1217041015625
178.6474609375
-18.07044219970703
4.445974826812744
-3.3738698959350586
177.5994415283203
178.82461547851563
-169.03164672851563
-165.25424194335938
-172.18280029296875
148.49087524414063
-177.2823028564453
-45.27553176879883
-30.15738868713379
55.587764739990234
89.49657440185547
-169.3878936767578
75.63140869140625
86.86754608154297
76.9722900390625
75.82849884033203
63.39414978027344
29.73193359375
17.11039924621582
17.58159065246582
73.80619812011719
71.92849731445313
74.91585540771484
-130.23007202148438
-2.839801549911499
-157.16566467285156
-85.01482391357422
-58.39163589477539
-77.6977310180664
69.43899536132813
54.27338409423828
-84.22791290283203
-86.24361419677734
75.97122192382813
-100.98448944091797
-114.70639038085938
-102.27989959716797
14.80970287322998
-116.82583618164063
74.07441711425781
170.23013305664063
-4.1556620597839355
-1.7990961074829102
3.8548684120178223
-3.3004021644592285
-9.338257789611816
-164.27919006347656
-102.9693374633789
80.37232208251953
0.3772871792316437
-177.79324340820313
-103.04763793945313
-72.53899383544922
47.19515609741211
-1.413942575454712
54.828765869140625
97.39453887939453
131.56326293945313
90.83348083496094
-97.00945281982422
42.5445442199707
-40.371456146240234
-77.42271423339844
63.48515319824219
48.97310256958008
-68.0000991821289
-60.649784088134766
130.06211853027344
-77.59111785888672
102.18824768066406
-75.8081283569336
-78.19709014892578
-75.62801361083984
-90.36763763427734
-76.68197631835938
-78.06122589111328
-52.15835952758789
-20.95698356628418
102.10087585449219
94.52021026611328
-70.91207885742188
138.9222412109375
-60.88560485839844
-43.061058044433594
-72.93016052246094
2.666243314743042
-66.814453125
34.52394485473633
79.96464538574219
108.03387451171875
-145.1499786376953
3.538119077682495
-77.82769012451172
-72.3567123413086
111.79505157470703
-70.21922302246094
-76.22477722167969
-68.2815933227539
-77.31290435791016
-95.23884582519531
-80.05634307861328
-30.538564682006836
-51.77098846435547
-66.2338638305664
-99.0225830078125
6.706863880157471
130.66000366210938
137.02557373046875
-72.59427642822266
-37.96392822265625
-56.83786392211914
-80.96614837646484
-75.7887954711914
-73.29822540283203
-85.43840026855469
-92.95372009277344
-64.06718444824219
-54.88759994506836
-49.30588150024414
-57.7613639831543
-52.87505340576172
-74.38452911376953
-92.78394317626953
-65.46636962890625
-51.42409133911133
-69.78175354003906
160.8255615234375
-176.2975311279297
177.59524536132813
-152.09603881835938
-161.1433868408203
169.25929260253906
-178.6875
-126.7475357055664
-179.44430541992188
-164.4990692138672
-175.9838104248047
163.11856079101563
-178.9824981689453
177.90505981445313
-177.7240447998047
-179.78465270996094
-167.35208129882813
161.1150665283203
-178.19210815429688
177.0365447998047
158.77203369140625
-171.49234008789063
176.22955322265625
169.01197814941406
-143.06234741210938
-64.04834747314453
-64.45915985107422
-98.07077026367188
-70.5907211303711
-49.27357482910156
-57.64982223510742
-65.62606811523438
-57.7909049987793
-68.70063018798828
-62.255558013916016
-67.75701141357422
-77.27734375
-57.13227462768555
-74.18634796142578
-63.225006103515625
-52.9062385559082
-72.58650207519531
-79.16841888427734
-80.72457885742188
-62.98892593383789
-114.86092376708984
-163.8958282470703
-172.73333740234375
-177.26748657226563
-159.5882568359375
-159.18521118164063
171.6391143798828
168.74810791015625
-174.44346618652344
-170.85731506347656
-163.00259399414063
175.76995849609375
174.62786865234375
-178.4542999267578
-178.67132568359375
-179.17276000976563
-172.78919982910156
-175.96160888671875
-78.26646423339844
-153.71444702148438
-64.12629699707031
-57.850669860839844
134.90264892578125
111.1448974609375
133.3899383544922
-138.43560791015625
44.94764709472656
-87.64730834960938
-70.8402328491211
47.52483367919922
79.84480285644531
44.179813385009766
70.61870574951172
68.99388122558594
60.762168884277344
62.676605224609375
56.32761001586914
91.12787628173828
53.39714813232422
179.3969268798828
171.63653564453125
159.47227478027344
-177.67640686035156
173.6111602783203
-158.0155029296875
173.82638549804688
-176.61444091796875
178.04541015625
-179.7220916748047
-179.59889221191406
-174.44309997558594
-166.30892944335938
175.7931671142578
166.17916870117188
-171.6577911376953
165.70382690429688
162.6537628173828
-178.10565185546875
170.22097778320313
165.66317749023438
177.07383728027344
165.41539001464844
177.1558837890625
161.00914001464844
176.8208465576172
172.587158203125
167.00894165039063
168.58018493652344
-159.34986877441406
172.3541717529297
-166.12908935546875
-170.3724822998047
164.53866577148438
174.8704376220703
44.67103958129883
47.962059020996094
32.294639587402344
53.11837387084961
87.76663970947266
65.86686706542969
61.260009765625
89.43509674072266
49.729225158691406
88.42042541503906
84.73151397705078
70.10922241210938
64.33891296386719
84.44857025146484
36.416202545166016
82.77883911132813
69.9379653930664
61.69258499145508
81.8698959350586
78.70983123779297
111.47169494628906
74.1440200805664
49.826053619384766
67.06590270996094
75.0385971069336
79.45713806152344
78.04696655273438
79.73652648925781
44.35997772216797
75.36663055419922
78.64066314697266
61.77275085449219
68.93668365478516
59.51362991333008
83.84651947021484
145.98101806640625
179.03472900390625
-175.5779266357422
178.9652862548828
-166.1423797607422
173.7724609375
-144.52346801757813
-153.29977416992188
171.56100463867188
-152.50759887695313
176.99058532714844
-47.54266357421875
-69.14419555664063
-63.49279022216797
-100.56609344482422
-89.07210540771484
-65.65123748779297
-70.4771728515625
-69.31695556640625
-79.05374908447266
-78.94603729248047
-70.5909423828125
-80.9864501953125
-50.234981536865234
-76.35144805908203
-64.2382583618164
-40.17250061035156
-68.42283630371094
-73.68538665771484
-79.71012878417969
-61.15357971191406
-84.08084106445313
-50.9728889465332
-49.3958740234375
-72.918212890625
-79.14271545410156
-52.19191360473633
-63.858341217041016
-65.12972259521484
-58.43662643432617
-83.47701263427734
-39.44822692871094
-39.75978088378906
-90.1594009399414
-82.97954559326172
-82.72957611083984
-62.09584045410156
-113.4206771850586
-66.23259735107422
-77.00629425048828
-69.43507385253906
-78.53128814697266
-95.63227081298828
-90.51603698730469
-87.98839569091797
-68.89661407470703
-82.68380737304688
-72.78076934814453
-79.95091247558594
-59.27383804321289
-75.20323181152344
-71.67981719970703
-91.73358917236328
-68.72391510009766
-47.32817840576172
-80.61040496826172
-94.4205093383789
-34.16657638549805
-54.48856735229492
-60.50377655029297
-70.24359893798828
-91.73423767089844
-64.46839904785156
-48.36061096191406
-69.73360443115234
-53.88253402709961
-66.33267211914063
-49.54720687866211
-81.7582015991211
-63.871681213378906
-89.65143585205078
-58.705352783203125
-75.95948791503906
-24.702913284301758
-73.07830810546875
-55.73585510253906
-59.40840530395508
-49.969844818115234
-73.50021362304688
-61.551090240478516
-51.377342224121094
-61.02687454223633
-71.77854919433594
-111.3797836303711
-78.63851165771484
-83.62169647216797
-55.60610580444336
-68.62818908691406
-74.3929672241211
-83.23001098632813
-74.53292846679688
-54.42102813720703
-72.01305389404297
-67.84596252441406
-84.2374038696289
-79.56451416015625
-64.475830078125
-68.71553802490234
96.83192443847656
83.49015808105469
81.03380584716797
173.0679168701172
177.52703857421875
61.37949752807617
54.3065185546875
78.87743377685547
62.44339370727539
-94.42803955078125
55.36150360107422
66.26800537109375
91.53892517089844
75.42559814453125
58.3496208190918
73.8953857421875
-176.77682495117188
170.81040954589844
-164.37437438964844
-177.4873046875
164.11520385742188
58.80644607543945
54.59697723388672
73.55778503417969
38.31588363647461
69.9017105102539
90.35961151123047
-96.00172424316406
-133.45989990234375
60.16705322265625
69.95905303955078
43.12656021118164
80.97647857666016
-68.91551971435547
11.030595779418945
-140.32444763183594
62.1499137878418
69.918212890625
-50.58077621459961
69.4954605102539
58.74393081665039
-147.2067413330078
167.11685180664063
158.6000213623047
-175.9893798828125
-173.28521728515625
177.40463256835938
164.07350158691406
-178.79379272460938
-176.61317443847656
169.08889770507813
-170.4354705810547
-174.82614135742188
-1.3440330028533936
-162.2511749267578
-169.51907348632813
160.794921875
-173.34352111816406
-156.73277282714844
-7.162188529968262
-174.3946075439453
178.0548553466797
177.01248168945313
-165.9583740234375
0.8756747841835022
-48.52678298950195
-61.47843933105469
-73.49893188476563
-67.49253845214844
-80.25163269042969
-54.51576614379883
-54.81123352050781
-82.44651794433594
-57.60429000854492
-50.50779724121094
-53.61170196533203
-67.81074523925781
-77.51432037353516
-69.05941009521484
-61.2813606262207
-67.87255096435547
-60.30744934082031
-2.8143556118011475
-56.16246032714844
-37.4765625
-79.24034881591797
80.85938262939453
52.542781829833984
-69.04389190673828
112.07826232910156
21.467134475708008
3.1320433616638184
-69.39472198486328
-76.850830078125
-68.39215850830078
172.55572509765625
-62.812191009521484
-71.0473403930664
-74.24246215820313
-58.310054779052734
-55.13632583618164
-58.32773971557617
-55.065120697021484
-53.96206283569336
-75.21080017089844
-48.99115753173828
-100.55903625488281
-69.3904800415039
-64.8447265625
-70.13160705566406
-101.00406646728516
-64.57347869873047
-46.123504638671875
-75.60394287109375
-57.227962493896484
-63.99308395385742
-73.6191177368164
-68.78810119628906
-74.74877166748047
-61.496368408203125
-76.034423828125
-19.760713577270508
90.95109558105469
76.17578125
72.28948211669922
86.74044036865234
58.23954772949219
74.7847671508789
69.41983795166016
54.58664321899414
75.52145385742188
62.5731315612793
50.92509460449219
60.452980041503906
-170.3944854736328
173.66220092773438
-64.1982421875
-80.18789672851563
-56.687870025634766
-65.6951675415039
-65.25399017333984
-69.04930877685547
-65.19427490234375
-74.27555847167969
-66.34929656982422
-47.89891052246094
-57.92938232421875
-46.43206024169922
-67.6120834350586
-72.30322265625
-52.1227912902832
-64.58250427246094
-63.76171112060547
-54.65068435668945
-74.12445831298828
-71.3532485961914
-68.36085510253906
-56.71959686279297
-73.6905746459961
-64.52093505859375
-57.28327560424805
-62.925453186035156
-69.4415054321289
-90.5776596069336
-57.01049041748047
-77.37097930908203
-63.18840408325195
-72.5768051147461
-42.85780334472656
-49.88960647583008
-72.66300964355469
-66.21456146240234
-67.04391479492188
-69.01596069335938
-69.65279388427734
-59.290828704833984
-72.54939270019531
-65.78731536865234
-65.20281219482422
-57.705257415771484
-64.5500717163086
-55.67320251464844
-74.29953002929688
68.54790496826172
66.86632537841797
46.93159103393555
66.94869232177734
62.17750930786133
62.76028060913086
77.56369018554688
63.19319152832031
55.60877990722656
63.013797760009766
62.41889190673828
84.60273742675781
58.83357620239258
76.07958221435547
61.06193923950195
80.38188934326172
93.94496154785156
60.37540817260742
160.53367614746094
170.02220153808594
168.5073699951172
-169.6699981689453
-128.84616088867188
-178.8942413330078
-177.64022827148438
-171.86839294433594
172.2149658203125
-170.51907348632813
172.4018096923828
168.77444458007813
-166.77059936523438
177.39483642578125
170.41400146484375
-176.82382202148438
169.18138122558594
-74.9407958984375
-75.95820617675781
-56.274051666259766
-102.28926086425781
-60.041107177734375
-76.51747131347656
-81.97261810302734
-65.05921936035156
-66.07020568847656
-74.78789520263672
-80.99720764160156
-88.17048645019531
-70.15640258789063
-62.05717468261719
-69.92584228515625
-71.4113998413086
-63.97867202758789
-48.75395584106445
-59.21506881713867
-80.83232879638672
-55.89685821533203
-72.02120208740234
-64.56135559082031
-59.360599517822266
-62.13016128540039
-82.39950561523438
-70.4083023071289
-75.88500213623047
-82.14327239990234
-88.70269012451172
-74.38221740722656
-96.87773132324219
-77.19750213623047
-63.520206451416016
-65.43611907958984
-47.2910270690918
-59.000423431396484
-85.47753143310547
-79.3812484741211
-71.86778259277344
-48.6866340637207
-72.20439147949219
-125.8199691772461
-164.20526123046875
172.7371063232422
175.00567626953125
175.50894165039063
-174.68869018554688
-173.76295471191406
-174.62078857421875
-170.9529571533203
163.4974822998047
-177.59976196289063
158.53598022460938
179.59767150878906
169.46263122558594
156.93873596191406
157.27513122558594
-175.9790496826172
-178.70062255859375
-168.28759765625
-170.59376525878906
175.99562072753906
168.6650390625
-175.32911682128906
-178.91612243652344
-178.9170379638672
-171.0005340576172
175.5353546142578
-170.82994079589844
176.63951110839844
-172.29049682617188
160.3562469482422
174.8421630859375
-178.60220336914063
178.27769470214844
133.48582458496094
-175.21682739257813
-167.20872497558594
157.1427459716797
-151.2078094482422
179.21875
171.83900451660156
-173.49598693847656
-170.5142364501953
-171.13014221191406
149.86744689941406
-171.42864990234375
170.7958984375
-158.64959716796875
-173.8528594970703
-164.27867126464844
-174.46466064453125
173.8916778564453
-167.58621215820313
-164.97373962402344
165.2098846435547
-172.7582244873047
172.4540557861328
167.8235321044922
-172.95570373535156
-179.45278930664063
-124.52276611328125
175.46710205078125
-162.1852569580078
171.361083984375
-173.5021514892578
171.28038024902344
-171.67919921875
-174.6848602294922
174.9178924560547
176.90603637695313
170.8404998779297
-174.7662811279297
166.62973022460938
162.35723876953125
159.04086303710938
-174.49484252929688
-165.03106689453125
171.16683959960938
150.29617309570313
-170.39166259765625
-177.20701599121094
-154.22813415527344
170.0694122314453
-173.67369079589844
-168.6814727783203
176.91624450683594
-161.59027099609375
177.4236297607422
171.88409423828125
168.5421142578125
155.531982421875
-175.2933807373047
-179.44076538085938
-172.00726318359375
142.43386840820313
-170.0306396484375
-172.9247283935547
153.21478271484375
136.16806030273438
156.9397735595703
179.26699829101563
-167.36309814453125
-164.26571655273438
176.5396728515625
-164.02847290039063
172.6846923828125
-166.53370666503906
131.81295776367188
174.61709594726563
161.43191528320313
172.15805053710938
-171.47265625
160.1515350341797
166.53489685058594
165.60769653320313
172.63804626464844
169.10031127929688
-176.37136840820313
157.6704559326172
-176.1907501220703
-162.1028289794922
144.83023071289063
164.94815063476563
-79.22344970703125
166.58453369140625
158.64450073242188
-142.61058044433594
-159.92437744140625
-93.25007629394531
-57.54435729980469
-64.23931121826172
-82.7947769165039
-57.31083297729492
-84.044921875
-74.71468353271484
-77.31560516357422
-81.75786590576172
-52.68745422363281
-77.66201782226563
-70.0839614868164
-51.01046371459961
-54.946266174316406
-61.93224334716797
-71.299072265625
-71.00540161132813
-63.41259002685547
-72.57425689697266
-58.74087142944336
-61.3736572265625
-101.19961547851563
-59.01057434082031
-106.46443176269531
-62.54282760620117
-79.19552612304688
-60.5638542175293
-56.74966049194336
-69.44120025634766
-71.01490020751953
-56.01531219482422
-80.12435150146484
-50.41779708862305
-112.17967224121094
-51.213443756103516
-83.92174530029297
-69.54608917236328
-82.52487182617188
-65.04129791259766
-66.26347351074219
-61.455509185791016
178.7547607421875
-174.6075897216797
169.489990234375
-168.3504180908203
-163.35739135742188
-166.2930145263672
169.13641357421875
-17.7913875579834
-174.97036743164063
-125.37686920166016
-72.28677368164063
-40.35410690307617
-79.37052154541016
-72.3488998413086
-50.778160095214844
-68.25824737548828
-58.43872833251953
-63.897315979003906
-76.9708480834961
-61.7735710144043
-69.0338363647461
-42.288169860839844
-58.569602966308594
-59.418479919433594
-69.56939697265625
-73.12126159667969
-76.23548889160156
-49.17369079589844
-88.90281677246094
-163.82884216308594
-147.29000854492188
-172.01248168945313
-177.57093811035156
177.7679443359375
-131.16998291015625
167.5147247314453
-170.95228576660156
-178.1707763671875
169.3063201904297
-171.1875762939453
172.51881408691406
-171.97091674804688
-160.52560424804688
162.5083770751953
165.25132751464844
160.63296508789063
174.8040313720703
164.7315673828125
-161.29026794433594
-120.45516967773438
69.35753631591797
78.67093658447266
61.669090270996094
60.386749267578125
42.57368087768555
80.0854721069336
-106.34088897705078
-13.2006254196167
-85.92495727539063
-173.8846435546875
179.15093994140625
166.15203857421875
-40.41071701049805
-47.15678787231445
-171.4594268798828
-169.28842163085938
-172.4556121826172
-179.5216522216797
-172.65699768066406
-146.25738525390625
178.23666381835938
10.170684814453125
-8.697854042053223
166.20205688476563
51.78550720214844
-169.20668029785156
-171.2542724609375
177.58729553222656
-179.4615020751953
176.7064666748047
2.277272939682007
164.94883728027344
-171.9956817626953
-165.0214080810547
-179.3716278076172
-176.0042266845703
177.40077209472656
-35.83039474487305
3.6355679035186768
170.13140869140625
-70.12496948242188
-66.08607482910156
-53.628055572509766
-55.25484085083008
-82.30630493164063
-72.57131958007813
-60.751625061035156
-68.14189910888672
-69.01103973388672
-41.23532485961914
-68.30009460449219
-85.24465942382813
-151.40573120117188
160.28665161132813
-179.24264526367188
172.225830078125
152.74742126464844
170.84597778320313
-127.90694427490234
174.55784606933594
-157.39181518554688
-161.7325439453125
177.28115844726563
179.5414276123047
-161.3560333251953
174.69406127929688
-177.24237060546875
-172.91915893554688
-177.45062255859375
177.19151306152344
-164.67420959472656
160.17300415039063
-174.14266967773438
168.0583038330078
-176.72860717773438
-177.78367614746094
-173.87060546875
-50.58607864379883
-163.18988037109375
164.40945434570313
-179.83270263671875
161.61911010742188
-177.23606872558594
-169.4084930419922
-141.71176147460938
179.9296417236328
169.11431884765625
170.21835327148438
-172.47259521484375
-179.10845947265625
-176.8341827392578
169.42083740234375
-164.39517211914063
177.1274871826172
166.03688049316406
179.55203247070313
-164.0568389892578
178.12152099609375
176.30218505859375
-165.5198516845703
-164.0011444091797
-172.03414916992188
176.5676727294922
-177.47071838378906
163.1499786376953
