0.05 0.0 0.0
0.15000000000000002 0.0 0.0
0.25 0.0 0.0
0.35000000000000003 0.0 0.0
0.45 0.0 0.0
0.55 0.0 0.0
0.65 0.0 0.0
0.75 0.0 0.0
0.8500000000000001 0.0 0.0
0.9500000000000001 0.0 0.0
1.05 0.0 0.0
1.1500000000000001 0.0 0.0
1.25 0.0 0.0
1.35 0.0 0.0
1.4500000000000002 1.7082705456713252 0.10384903774056427
1.55 19.33018158360035 1.4465758560360042
1.6500000000000001 0.6787331338585576 1.5000000000000002
1.75 0.0 1.5000000000000002
1.85 0.0 1.5000000000000002
1.9500000000000002 0.0 1.5000000000000002
2.0500000000000003 0.0 1.5000000000000002
2.15 0.0 1.5000000000000002
2.25 0.0 1.5000000000000002
2.35 0.004435985791820133 1.50070815629426
2.45 0.544373927110826 1.5951637090727222
2.5500000000000003 2.9693585697147746 2.1532950095809387
2.6500000000000004 1.603821257043542 2.4788594518037117
2.75 0.09547000899541078 2.4997292343580773
2.85 0.0011532449484853281 2.5
2.95 0.0 2.5
3.0500000000000003 0.0 2.5
3.1500000000000004 0.00021785932710721256 2.5000624843789057
3.25 0.0036838781642054615 2.5011872031991977
3.35 0.017015177947877907 2.5067066566691647
3.45 0.06538342146383214 2.529201033075064
3.5500000000000003 0.16335683138432616 2.588706989919217
3.6500000000000004 0.30045791754765055 2.704407231525461
3.75 0.4973527223072693 2.90656502541031
3.85 0.9363169624115812 3.3077147379821796
3.95 1.4970666048930326 3.9828584520536374
4.05 1.1242622532738766 4.515871032241941
4.15 1.0475567645297716 5.037344830459044
4.25 1.1157334903238152 5.619845038740325
4.3500000000000005 1.1462933352616866 6.246792468549514
4.45 1.1827991255573256 6.923789885861872
4.55 1.1982464680017837 7.640798133799899
4.65 1.2260823136531838 8.40706490044156
4.75 1.258585133814232 9.227838873614937
4.8500000000000005 1.3193752252167406 10.12486461717902
4.95 1.3071924750485429 11.050633175039584
5.050000000000001 1.3118713478903083 11.988815296175973
5.15 1.3504597461963497 12.933516620844761
5.25 1.3438376850037073 13.851058068816114
5.3500000000000005 1.305248248691068 14.71886195117886
5.45 1.2560124571487405 15.529971673748213
5.550000000000001 1.2223190338600514 16.294593018412048
5.65 1.1918841089162717 17.014683829042717
5.75 1.1484127548932939 17.68262101141382
5.8500000000000005 1.071537793401509 18.280450720653167
5.95 1.0128417739712323 18.820357410647347
6.050000000000001 0.9729946702441084 19.313713238357128
6.15 0.9402771430099202 19.764933766558368
6.25 0.891416766418233 20.167458135466127
6.3500000000000005 0.8436852151961693 20.523556610847262
6.45 0.8659269841438708 20.862513538282148
6.550000000000001 0.8534633626669935 21.16945763559105
6.65 0.8760408235475206 21.45565691910357
6.75 0.849309254403368 21.704157294009796
6.8500000000000005 0.8659705286182274 21.926997417312272
6.95 0.8162011247207276 22.10730650670658
7.050000000000001 0.8480566607335506 22.26278846954926
7.15 0.0 0.0
7.25 0.0 0.0
7.3500000000000005 0.0 0.0
7.45 0.0 0.0
7.550000000000001 0.0 0.0
7.65 0.0 0.0
7.75 0.0 0.0
7.8500000000000005 0.0 0.0
7.95 0.0 0.0
8.05 0.0 0.0
8.15 0.0 0.0
8.25 0.0 0.0
8.35 0.0 0.0
8.450000000000001 0.0 0.0
8.55 0.0 0.0
8.65 0.0 0.0
8.75 0.0 0.0
8.85 0.0 0.0
8.950000000000001 0.0 0.0
9.05 0.0 0.0
9.15 0.0 0.0
9.25 0.0 0.0
9.35 0.0 0.0
9.450000000000001 0.0 0.0
9.55 0.0 0.0
9.65 0.0 0.0
9.75 0.0 0.0
9.850000000000001 0.0 0.0
9.950000000000001 0.0 0.0
10.05 0.0 0.0
