0.05 0.0 0.0
0.15000000000000002 0.0 0.0
0.25 0.0 0.0
0.35000000000000003 0.0 0.0
0.45 0.0 0.0
0.55 0.0 0.0
0.65 0.0 0.0
0.75 0.0 0.0
0.8500000000000001 0.0 0.0
0.9500000000000001 0.0 0.0
1.05 0.0 0.0
1.1500000000000001 0.0 0.0
1.25 0.0 0.0
1.35 0.0 0.0
1.4500000000000002 0.00010684893308161533 1.6662501041406316e-5
1.55 0.0036469422943210383 0.0006665000416562528
1.6500000000000001 0.40964651592240653 0.0833791552111973
1.75 3.617917605327592 0.9050820628176491
1.85 2.629576692504923 1.572498542031185
1.9500000000000002 0.2249851308667079 1.6359410147463243
2.0500000000000003 0.15259434220017512 1.6834957927184895
2.15 0.24013199947082164 1.7658085478630507
2.25 0.4376860794426324 1.9301174706323188
2.35 0.9327750327199872 2.31209697575605
2.45 1.7242129866074072 3.0795384487211783
2.5500000000000003 2.1047070800166567 4.094359743397496
2.6500000000000004 1.7099410786128644 4.984762142797636
2.75 1.127998229561556 5.617295676081
2.85 0.8399905417428493 6.1232025327001915
2.95 0.8361604850530313 6.66275931017249
3.0500000000000003 1.4993411724696701 7.69695076230942
3.1500000000000004 1.5382763992999609 8.828709489294333
3.25 0.8293461953881759 9.478238773639927
3.35 0.7241472551335257 10.08081313005081
3.45 0.7082391316619998 10.705856869116063
3.5500000000000003 0.7284697303438787 11.386561692910071
3.6500000000000004 0.8237269083731564 12.200249937515629
3.75 0.9528685283320867 13.1937848871115
3.85 1.0045026297941109 14.297758893609966
3.95 0.9392584223414351 15.384345580271598
4.05 0.8862504742603664 16.462176122635988
4.15 0.8831234921807823 17.589894193118383
4.25 0.907293715863659 18.804982087811414
4.3500000000000005 0.9321340752158095 20.112771807048272
4.45 0.960092167305342 21.52242772640174
4.55 0.992469660946526 23.04584687161548
4.65 1.0289782606049307 24.69549279346832
4.75 1.0851563200457566 26.510830625676927
4.8500000000000005 1.1320813204698756 28.4852453553279
4.95 1.1360703870698199 30.549162709322697
5.050000000000001 1.1039743753512712 32.57441472965092
5.15 1.0671772042729883 34.48943597433976
5.25 1.0327922571947097 36.29834208114635
5.3500000000000005 1.0188284429176986 38.035957677247474
5.45 1.010877606460038 39.71054736315924
5.550000000000001 1.0194764523525637 41.34647171540442
5.65 1.0317258887505418 42.945446971590584
5.75 1.0149715933612278 44.45976005998499
5.8500000000000005 0.981310871219816 45.86419228526186
5.95 0.9736846001847561 47.195626093476584
6.050000000000001 0.9718752828444037 48.45973506623348
6.15 0.9780204673416207 49.66367574772974
6.25 0.9863675676998799 50.80622344413907
6.3500000000000005 0.9829930611398003 51.87052403565774
6.45 0.9894625793305802 52.86406731650423
6.550000000000001 1.0023399268771043 53.78879446804942
6.65 1.0028553235091127 54.62923435807736
6.75 1.0067520828863075 55.38486211780401
6.8500000000000005 1.01109814650143 56.052295259518495
6.95 0.9968001434255798 56.6171707073234
7.050000000000001 1.0087922178320834 57.09161043072575
7.15 0.0 0.0
7.25 0.0 0.0
7.3500000000000005 0.0 0.0
7.45 0.0 0.0
7.550000000000001 0.0 0.0
7.65 0.0 0.0
7.75 0.0 0.0
7.8500000000000005 0.0 0.0
7.95 0.0 0.0
8.05 0.0 0.0
8.15 0.0 0.0
8.25 0.0 0.0
8.35 0.0 0.0
8.450000000000001 0.0 0.0
8.55 0.0 0.0
8.65 0.0 0.0
8.75 0.0 0.0
8.85 0.0 0.0
8.950000000000001 0.0 0.0
9.05 0.0 0.0
9.15 0.0 0.0
9.25 0.0 0.0
9.35 0.0 0.0
9.450000000000001 0.0 0.0
9.55 0.0 0.0
9.65 0.0 0.0
9.75 0.0 0.0
9.850000000000001 0.0 0.0
9.950000000000001 0.0 0.0
10.05 0.0 0.0
