0.05 0.0 0.0
0.15000000000000002 0.0 0.0
0.25 0.0 0.0
0.35000000000000003 0.0 0.0
0.45 0.0 0.0
0.55 0.0 0.0
0.65 0.0 0.0
0.75 0.0 0.0
0.8500000000000001 0.0 0.0
0.9500000000000001 0.0 0.0
1.05 0.0 0.0
1.1500000000000001 0.0 0.0
1.25 0.0 0.0
1.35 0.0 0.0
1.4500000000000002 0.0 0.0
1.55 0.00014026701132004006 2.4993751562109475e-5
1.6500000000000001 0.1736293854755746 0.03508289594268014
1.75 3.952641653514386 0.9328084645505443
1.85 2.598163574358277 1.592251937015793
1.9500000000000002 0.08269643877818927 1.615571107223227
2.0500000000000003 0.0936204250849684 1.644747146546709
2.15 0.17645327086621423 1.7052320253269915
2.25 0.3116310682250041 1.8222194451387117
2.35 0.7327478975217735 2.122286095142894
2.45 1.7945359293175087 2.92102807631425
2.5500000000000003 2.482869770402776 4.118187119886706
2.6500000000000004 1.8055857828743633 5.058393734899603
2.75 1.0205365750639905 5.630667333166717
2.85 0.7737031648238102 6.096650837290697
2.95 0.7811592703729501 6.600716487544785
3.0500000000000003 1.5373398459079641 7.661118053819855
3.1500000000000004 1.6812728612261392 8.898083812380259
3.25 0.8287717601490132 9.547163209197667
3.35 0.7301545325414104 10.15473631592097
3.45 0.6782099586264823 10.753278347079853
3.5500000000000003 0.6733251824927474 11.38245438640343
3.6500000000000004 0.764519981808609 12.137657252353526
3.75 0.9527566649195678 13.131075564442188
3.85 1.0274035613812218 14.260218278763652
3.95 0.9237605107393485 15.32887611430479
4.05 0.8694327322890795 16.38625343664084
4.15 0.8818512619726323 17.512346913271696
4.25 0.9174337170762815 18.741014746313414
4.3500000000000005 0.959497038627548 20.0871948679497
4.45 0.9963053587861397 21.550020828126243
4.55 1.0139683939769377 23.1064400566525
4.65 1.0373916793422435 24.769574273098392
4.75 1.1018548635695373 26.61284678830291
4.8500000000000005 1.1652953574978682 28.645188702824353
4.95 1.1636911705831359 30.75928517870536
5.050000000000001 1.11911541540385 32.812313588269504
5.15 1.0588899367639553 34.71246355077894
5.25 1.023854389482547 36.50571523785739
5.3500000000000005 1.0079204142215774 38.22472715154535
5.45 1.0006984716523744 39.88245438640348
5.550000000000001 1.0041033123270224 41.493709905856804
5.65 1.0438426539100811 43.11146380071643
5.75 1.0164513635688102 44.6279846704991
5.8500000000000005 0.9679394671409448 46.01328001332999
5.95 0.9563509037944656 47.321011413813245
6.050000000000001 0.9490597754168415 48.555444472215235
6.15 0.9542516509959015 49.73012580188275
6.25 0.9615393567935044 50.84391402149474
6.3500000000000005 0.9698042041182143 51.893934849620926
6.45 0.9643225716548285 52.862234441389774
6.550000000000001 0.9723948014433031 53.75933516620853
6.65 0.9833207301320076 54.583404148962714
6.75 0.9864167963767095 55.32376905773542
6.8500000000000005 0.9910559074280821 55.977972173623286
6.95 1.0071059883938895 56.54868782804312
7.050000000000001 1.0257273568253158 57.03109222694301
7.15 0.0 0.0
7.25 0.0 0.0
7.3500000000000005 0.0 0.0
7.45 0.0 0.0
7.550000000000001 0.0 0.0
7.65 0.0 0.0
7.75 0.0 0.0
7.8500000000000005 0.0 0.0
7.95 0.0 0.0
8.05 0.0 0.0
8.15 0.0 0.0
8.25 0.0 0.0
8.35 0.0 0.0
8.450000000000001 0.0 0.0
8.55 0.0 0.0
8.65 0.0 0.0
8.75 0.0 0.0
8.85 0.0 0.0
8.950000000000001 0.0 0.0
9.05 0.0 0.0
9.15 0.0 0.0
9.25 0.0 0.0
9.35 0.0 0.0
9.450000000000001 0.0 0.0
9.55 0.0 0.0
9.65 0.0 0.0
9.75 0.0 0.0
9.850000000000001 0.0 0.0
9.950000000000001 0.0 0.0
10.05 0.0 0.0
