0.05 0.0 0.0
0.15000000000000002 0.0 0.0
0.25 0.0 0.0
0.35000000000000003 0.0 0.0
0.45 0.0 0.0
0.55 0.0 0.0
0.65 0.0 0.0
0.75 0.0 0.0
0.8500000000000001 0.0 0.0
0.9500000000000001 0.0 0.0
1.05 7.609871672245002 0.6330604848787811
1.1500000000000001 18.70788778753725 2.499677164042323
1.25 0.0027388558728802213 2.5
1.35 0.0 2.5
1.4500000000000002 0.0 2.5
1.55 0.0 2.5
1.6500000000000001 0.0 2.5
1.75 0.0 2.5
1.85 0.0 2.5
1.9500000000000002 0.00021789433225763893 2.5000624843789057
2.0500000000000003 0.2868334091437971 2.5909668416229317
2.15 5.480607300599435 4.501457968841117
2.25 3.82192700243333 5.960541114721277
2.35 0.09482571980867256 6.000031242189454
2.45 0.005866874462522765 6.002686828292947
2.5500000000000003 0.07057540835564233 6.037292760143353
2.6500000000000004 0.4181382584004913 6.258716570857295
2.75 1.0734889503649208 6.8708864450554
2.85 1.2573526576906824 7.640996000999768
2.95 0.8119979306970017 8.173841956177633
3.0500000000000003 0.4988828140845387 8.523785720236638
3.1500000000000004 0.4980699936325085 8.896442556027642
3.25 0.6083111833590361 9.380936015996003
3.35 0.6894512649685859 9.964363075897642
3.45 0.8594393455549093 10.735701491293852
3.5500000000000003 1.144970623230681 11.823731567108238
3.6500000000000004 0.8312542847205746 12.658772806798272
3.75 0.7892233424006233 13.49562609347662
3.85 0.8152791973792229 14.406825376989113
3.95 0.8189698666986298 15.37031367158209
4.05 0.8731502182265257 16.450210364075645
4.15 0.9962259809836308 17.74391818711987
4.25 1.1503430907884096 19.310620261601347
4.3500000000000005 1.1170996864375355 20.90448221278009
4.45 1.0003702639956396 22.398171290510735
4.55 0.9787251625175124 23.92595601099731
4.65 1.0424979550106774 25.625604015662756
4.75 1.1910424170128817 27.651847454803047
4.8500000000000005 1.120768938557479 29.63966300091647
4.95 1.0569087499388363 31.592310255769412
5.050000000000001 1.0545392088313694 33.55966216779145
5.15 1.0477645122694228 35.47171540448226
5.25 1.036379613181711 37.31767058235446
5.3500000000000005 1.0237831776271868 39.09333083395815
5.45 1.0195058565363486 40.810838956927405
5.550000000000001 1.0235702452975541 42.48117137382317
5.65 1.0164863060101614 44.083229192701836
5.75 1.0136744677468699 45.621240523202665
5.8500000000000005 1.0215239233774065 47.10800424893783
5.95 1.0202916298814366 48.526816212613554
6.050000000000001 0.9978001397629465 49.846642506040084
6.15 0.9700040471315169 51.060953511622046
6.25 0.9582407362179065 52.18973381654592
6.3500000000000005 0.952485012339222 53.23848204615524
6.45 0.9193073689668928 54.17722652670177
6.550000000000001 0.8974337812125459 55.01920353245031
6.65 0.8883803695337844 55.77632675164543
6.75 0.8908315147414397 56.45628176289263
6.8500000000000005 0.9087739757831768 57.0663375822711
6.95 0.9071701043744713 57.58913396650849
7.050000000000001 0.9050870037780098 58.02201532950094
7.15 0.0 0.0
7.25 0.0 0.0
7.3500000000000005 0.0 0.0
7.45 0.0 0.0
7.550000000000001 0.0 0.0
7.65 0.0 0.0
7.75 0.0 0.0
7.8500000000000005 0.0 0.0
7.95 0.0 0.0
8.05 0.0 0.0
8.15 0.0 0.0
8.25 0.0 0.0
8.35 0.0 0.0
8.450000000000001 0.0 0.0
8.55 0.0 0.0
8.65 0.0 0.0
8.75 0.0 0.0
8.85 0.0 0.0
8.950000000000001 0.0 0.0
9.05 0.0 0.0
9.15 0.0 0.0
9.25 0.0 0.0
9.35 0.0 0.0
9.450000000000001 0.0 0.0
9.55 0.0 0.0
9.65 0.0 0.0
9.75 0.0 0.0
9.850000000000001 0.0 0.0
9.950000000000001 0.0 0.0
10.05 0.0 0.0
