0.05 0.0 0.0
0.15000000000000002 0.0 0.0
0.25 0.0 0.0
0.35000000000000003 0.0 0.0
0.45 0.0 0.0
0.55 0.0 0.0
0.65 0.0 0.0
0.75 0.0 0.0
0.8500000000000001 0.0 0.0
0.9500000000000001 0.0 0.0
1.05 0.0 0.0
1.1500000000000001 0.0 0.0
1.25 0.0 0.0
1.35 0.0 0.0
1.4500000000000002 0.9075829674053861 0.05517370657335743
1.55 20.58054001820451 1.4847538115471193
1.6500000000000001 0.19369694112454422 1.5000000000000002
1.75 0.0 1.5000000000000002
1.85 0.0 1.5000000000000002
1.9500000000000002 0.0 1.5000000000000002
2.0500000000000003 0.0 1.5000000000000002
2.15 0.0 1.5000000000000002
2.25 0.0 1.5000000000000002
2.35 0.0003914105110429528 1.5000624843789052
2.45 0.31930201678385883 1.555465300341568
2.5500000000000003 3.490273397353234 2.2115096225943476
2.6500000000000004 1.3999448039857922 2.4956885778555398
2.75 0.01972284616971082 2.5
2.85 0.0 2.5
2.95 0.0 2.5
3.0500000000000003 0.0 2.5
3.1500000000000004 0.0 2.5
3.25 0.00027287986401521903 2.500083312505207
3.35 0.0038524931202742634 2.5013330000833096
3.45 0.015316671879953048 2.5066025160376504
3.5500000000000003 0.054032973629045834 2.526285095392823
3.6500000000000004 0.14106107092066106 2.580604848787837
3.75 0.34844410794245717 2.7222361076397887
3.85 0.7756457494951654 3.054548862784301
3.95 1.594099982554003 3.773452470215758
4.05 1.1511046680583883 4.31919103557444
4.15 1.15073505990584 4.892026993251681
4.25 1.2333827935370696 5.535949345996845
4.3500000000000005 1.2386030606752658 6.213384153961504
4.45 1.2422593080321178 6.924414729650899
4.55 1.2406071347137153 7.666770807298177
4.65 1.266040799493635 8.458010497375655
4.75 1.261459563789704 9.280659001916177
4.8500000000000005 1.2758739523503886 10.14810880613181
4.95 1.3299554109666374 11.089998333749888
5.050000000000001 1.3931570448080237 12.086311755394489
5.15 1.4248649957883623 13.083062567691426
5.25 1.4377931493264804 14.06475464467216
5.3500000000000005 1.4131391635714696 15.004290594018135
5.45 1.3693802969884319 15.888611180538225
5.550000000000001 1.3079223199610635 16.706781637923864
5.65 1.1911946205242199 17.426455886028474
5.75 1.0869616249111542 18.05865200366575
5.8500000000000005 1.0124413809374917 18.623510788969387
5.95 0.9554049478105279 19.132800133299988
6.050000000000001 0.9207445237270091 19.599662584353958
6.15 0.8180984060466234 19.992251937015713
6.25 0.806361787774166 20.35636924102317
6.3500000000000005 0.7331479933420848 20.66581271348831
6.45 0.7210382550161994 20.94805465300351
6.550000000000001 0.7130244229596366 21.204490544030772
6.65 0.7107910007809599 21.43670332416897
6.75 0.7069390835202233 21.643547446471807
6.8500000000000005 0.7036061132141573 21.82460634841275
6.95 0.7366269362877458 21.98733649920849
7.050000000000001 0.7375196036814744 22.12255269515958
7.15 0.0 0.0
7.25 0.0 0.0
7.3500000000000005 0.0 0.0
7.45 0.0 0.0
7.550000000000001 0.0 0.0
7.65 0.0 0.0
7.75 0.0 0.0
7.8500000000000005 0.0 0.0
7.95 0.0 0.0
8.05 0.0 0.0
8.15 0.0 0.0
8.25 0.0 0.0
8.35 0.0 0.0
8.450000000000001 0.0 0.0
8.55 0.0 0.0
8.65 0.0 0.0
8.75 0.0 0.0
8.85 0.0 0.0
8.950000000000001 0.0 0.0
9.05 0.0 0.0
9.15 0.0 0.0
9.25 0.0 0.0
9.35 0.0 0.0
9.450000000000001 0.0 0.0
9.55 0.0 0.0
9.65 0.0 0.0
9.75 0.0 0.0
9.850000000000001 0.0 0.0
9.950000000000001 0.0 0.0
10.05 0.0 0.0
